0 63
1 63
2 37
3 84
4 97
5 73
6 92
7 15
8 21
9 63
10 11
11 23
12 59
13 51
14 43
15 55
16 60
17 65
18 22
19 79
20 16
21 83
22 94
23 87
24 57
25 65
26 56
27 9
28 23
29 12
30 32
31 41
32 62
33 23
34 85
35 36
36 50
37 44
38 49
39 2
40 24
41 59
42 5
43 23
44 17
45 60
46 41
47 68
48 6
49 2
50 45
51 2
52 99
53 16
54 57
55 77
56 41
57 82
58 19
59 30
60 63
61 72
62 92
63 100
64 24
65 73
66 53
67 18
68 87
69 63
70 33
71 65
72 47
73 78
74 5
75 7
76 95
77 58
78 9
79 75
80 83
81 68
82 19
83 20
84 34
85 68
86 21
87 50
88 22
89 50
90 99
91 55
92 23
93 89
94 48
95 46
96 63
97 1
98 37
99 93
100 4
101 89
102 6
103 88
104 34
105 8
106 47
107 56
108 3
109 78
110 70
111 3
112 8
113 55
114 76
115 39
116 63
117 69
118 45
119 44
120 83
121 44
122 76
123 7
124 76
125 7
126 14
127 27
128 58
129 74
130 53
131 18
132 31
133 30
134 42
135 24
136 15
137 89
138 68
139 83
140 15
141 38
142 27
143 52
144 3
145 80
146 61
147 12
148 93
149 4
150 56
151 10
152 24
153 13
154 26
155 50
156 62
157 21
158 24
159 42
160 56
161 40
162 68
163 85
164 82
165 89
166 96
167 4
168 92
169 79
170 84
171 64
172 30
173 12
174 2
175 46
176 98
177 20
178 99
179 72
180 6
181 37
182 53
183 77
184 7
185 35
186 83
187 80
188 91
189 53
190 44
191 44
192 81
193 76
194 7
195 16
196 69
197 67
198 41
199 20
200 7
201 91
202 17
203 7
204 87
205 68
206 31
207 66
208 41
209 85
210 37
211 2
212 77
213 88
214 40
215 89
216 27
217 54
218 82
219 54
220 96
221 60
222 100
223 97
224 35
225 99
226 96
227 68
228 21
229 77
230 59
231 96
232 63
233 51
234 9
235 22
236 70
237 79
238 13
239 56
240 24
241 49
242 5
243 2
244 43
245 88
246 99
247 93
248 55
249 96
250 96
251 51
252 22
253 52
254 16
255 21
256 36
257 42
258 4
259 50
260 78
261 85
262 44
263 67
264 87
265 26
266 30
267 42
268 63
269 33
270 57
271 87
272 48
273 11
274 46
275 42
276 38
277 22
278 79
279 6
280 10
281 34
282 94
283 59
284 9
285 47
286 47
287 39
288 31
289 70
290 97
291 20
292 69
293 26
294 49
295 40
296 28
297 46
298 9
299 91
300 84
301 60
302 78
303 87
304 18
305 19
306 41
307 90
308 27
309 66
310 77
311 100
312 8
313 67
314 89
315 10
316 54
317 8
318 77
319 6
320 47
321 63
322 64
323 34
324 42
325 41
326 9
327 64
328 27
329 76
330 6
331 38
332 89
333 71
334 42
335 4
336 43
337 21
338 66
339 56
340 65
341 65
342 48
343 99
344 28
345 59
346 27
347 52
348 67
349 97
350 61
351 9
352 96
353 93
354 97
355 78
356 81
357 34
358 2
359 98
360 25
361 29
362 18
363 87
364 96
365 89
366 62
367 48
368 49
369 53
370 39
371 39
372 15
373 57
374 43
375 83
376 37
377 74
378 59
379 73
380 55
381 59
382 75
383 77
384 93
385 88
386 93
387 39
388 33
389 61
390 73
391 47
392 8
393 99
394 72
395 22
396 67
397 25
398 88
399 69
400 3
401 43
402 39
403 65
404 16
405 92
406 9
407 55
408 89
409 60
410 54
411 87
412 21
413 47
414 8
415 71
416 31
417 90
418 47
419 11
420 74
421 43
422 81
423 96
424 35
425 52
426 19
427 85
428 50
429 64
430 89
431 31
432 32
433 25
434 64
435 88
436 13
437 71
438 47
439 24
440 6
441 69
442 81
443 30
444 90
445 8
446 53
447 71
448 81
449 10
450 7
451 2
452 22
453 45
454 16
455 34
456 94
457 49
458 9
459 33
460 36
461 80
462 58
463 60
464 69
465 59
466 41
467 14
468 34
469 41
470 90
471 46
472 75
473 92
474 11
475 29
476 26
477 94
478 11
479 25
480 83
481 32
482 52
483 7
484 85
485 58
486 90
487 82
488 47
489 46
490 93
491 13
492 42
493 74
494 99
495 53
496 90
497 90
498 90
499 2
500 31
501 5
502 53
503 72
504 41
505 81
506 99
507 30
508 48
509 12
510 26
511 24
512 85
513 68
514 13
515 46
516 41
517 75
518 48
519 60
520 93
521 58
522 28
523 63
524 52
525 56
526 49
527 38
528 4
529 90
530 65
531 80
532 65
533 52
534 11
535 89
536 14
537 26
538 28
539 61
540 14
541 87
542 64
543 21
544 88
545 65
546 72
547 86
548 9
549 68
550 92
551 96
552 10
553 8
554 64
555 25
556 59
557 55
558 27
559 93
560 60
561 74
562 50
563 75
564 63
565 25
566 98
567 39
568 43
569 17
570 29
571 68
572 46
573 42
574 45
575 1
576 32
577 21
578 49
579 92
580 85
581 65
582 70
583 67
584 51
585 36
586 51
587 26
588 68
589 79
590 2
591 70
592 70
593 8
594 35
595 41
596 22
597 70
598 75
599 53
600 55
601 78
602 77
603 19
604 85
605 60
606 96
607 4
608 13
609 66
610 31
611 52
612 15
613 91
614 51
615 32
616 25
617 38
618 85
619 61
620 72
621 8
622 7
623 16
624 72
625 67
626 28
627 100
628 72
629 12
630 75
631 47
632 76
633 47
634 79
635 75
636 58
637 67
638 48
639 62
640 46
641 3
642 12
643 4
644 67
645 84
646 23
647 67
648 56
649 26
650 99
651 71
652 8
653 67
654 51
655 54
656 57
657 25
658 38
659 28
660 94
661 13
662 51
663 16
664 77
665 45
666 71
667 62
668 76
669 12
670 67
671 8
672 30
673 70
674 1
675 26
676 75
677 61
678 71
679 22
680 75
681 56
682 33
683 12
684 25
685 15
686 69
687 45
688 79
689 71
690 24
691 33
692 99
693 6
694 47
695 6
696 60
697 13
698 27
699 71
700 57
701 11
702 80
703 10
704 48
705 40
706 37
707 93
708 81
709 18
710 51
711 58
712 17
713 89
714 84
715 78
716 18
717 89
718 73
719 49
720 41
721 61
722 41
723 12
724 2
725 73
726 53
727 40
728 60
729 17
730 43
731 57
732 73
733 23
734 83
735 17
736 30
737 83
738 94
739 97
740 100
741 47
742 24
743 93
744 75
745 68
746 62
747 51
748 8
749 35
750 55
751 19
752 39
753 100
754 30
755 17
756 92
757 88
758 26
759 42
760 80
761 86
762 70
763 70
764 73
765 56
766 3
767 87
768 42
769 76
770 69
771 60
772 95
773 73
774 8
775 23
776 32
777 41
778 43
779 70
780 32
781 27
782 43
783 99
784 26
785 46
786 26
787 59
788 5
789 17
790 59
791 94
792 63
793 6
794 54
795 74
796 34
797 21
798 67
799 70
800 64
801 70
802 17
803 85
804 52
805 63
806 42
807 35
808 51
809 11
810 53
811 60
812 71
813 24
814 56
815 21
816 6
817 20
818 37
819 65
820 29
821 90
822 11
823 12
824 45
825 25
826 59
827 9
828 1
829 38
830 52
831 61
832 13
833 33
834 47
835 3
836 55
837 74
838 97
839 43
840 65
841 30
842 97
843 43
844 2
845 50
846 22
847 16
848 36
849 81
850 46
851 7
852 60
853 71
854 59
855 68
856 33
857 19
858 40
859 71
860 19
861 23
862 85
863 4
864 31
865 89
866 59
867 56
868 75
869 3
870 3
871 66
872 98
873 88
874 97
875 14
876 5
877 64
878 33
879 32
880 15
881 27
882 37
883 73
884 64
885 53
886 71
887 65
888 8
889 3
890 93
891 20
892 68
893 24
894 26
895 55
896 12
897 71
898 79
899 4
900 72
901 98
902 5
903 7
904 89
905 26
906 93
907 19
908 6
909 57
910 76
911 47
912 72
913 9
914 28
915 19
916 60
917 93
918 28
919 21
920 96
921 68
922 50
923 30
924 94
925 17
926 49
927 98
928 73
929 32
930 21
931 54
932 33
933 69
934 43
935 67
936 77
937 8
938 26
939 94
940 38
941 49
942 14
943 60
944 6
945 47
946 22
947 9
948 97
949 92
950 59
951 92
952 53
953 79
954 69
955 25
956 27
957 92
958 38
959 71
960 30
961 72
962 64
963 42
964 96
965 30
966 76
967 54
968 69
969 93
970 67
971 35
972 75
973 7
974 6
975 54
976 43
977 3
978 2
979 21
980 89
981 51
982 96
983 85
984 16
985 10
986 60
987 21
988 43
989 96
990 6
991 8
992 14
993 75
994 81
995 44
996 97
997 48
998 7
999 82
1000 45
1001 52
1002 25
1003 89
1004 87
1005 100
1006 65
1007 45
1008 35
1009 14
1010 96
1011 4
1012 37
1013 83
1014 6
1015 65
1016 35
1017 32
1018 55
1019 5
1020 88
1021 70
1022 18
1023 59
1024 47
1025 96
1026 15
1027 15
1028 38
1029 44
1030 3
1031 52
1032 7
1033 94
1034 59
1035 68
1036 69
1037 51
1038 99
1039 20
1040 71
1041 82
1042 84
1043 92
1044 87
1045 87
1046 78
1047 57
1048 90
1049 38
1050 36
1051 26
1052 34
1053 67
1054 71
1055 59
1056 43
1057 97
1058 28
1059 73
1060 24
1061 46
1062 79
1063 19
1064 7
1065 21
1066 48
1067 17
1068 64
1069 61
1070 87
1071 50
1072 9
1073 13
1074 53
1075 93
1076 33
1077 34
1078 12
1079 67
1080 10
1081 39
1082 18
1083 26
1084 50
1085 8
1086 17
1087 71
1088 38
1089 10
1090 64
1091 14
1092 55
1093 94
1094 60
1095 91
1096 10
1097 47
1098 98
1099 40
1100 5
1101 69
1102 6
1103 59
1104 17
1105 18
1106 69
1107 39
1108 4
1109 12
1110 8
1111 18
1112 15
1113 69
1114 56
1115 20
1116 57
1117 44
1118 80
1119 87
1120 29
1121 89
1122 47
1123 60
1124 22
1125 26
1126 91
1127 93
1128 38
1129 46
1130 67
1131 15
1132 89
1133 90
1134 78
1135 32
1136 48
1137 56
1138 31
1139 51
1140 65
1141 37
1142 44
1143 78
1144 14
1145 97
1146 92
1147 45
1148 71
1149 33
1150 16
1151 45
1152 10
1153 69
1154 79
1155 1
1156 49
1157 65
1158 48
1159 12
1160 12
1161 78
1162 84
1163 69
1164 73
1165 32
1166 35
1167 80
1168 99
1169 43
1170 66
1171 93
1172 58
1173 97
1174 58
1175 7
1176 17
1177 57
1178 78
1179 51
1180 38
1181 44
1182 26
1183 54
1184 77
1185 94
1186 40
1187 28
1188 5
1189 26
1190 43
1191 95
1192 60
1193 29
1194 28
1195 30
1196 64
1197 23
1198 24
1199 52
1200 98
1201 39
1202 7
1203 13
1204 64
1205 20
1206 23
1207 17
1208 7
1209 63
1210 28
1211 89
1212 5
1213 38
1214 32
1215 95
1216 56
1217 42
1218 67
1219 4
1220 97
1221 96
1222 53
1223 40
1224 43
1225 43
1226 9
1227 74
1228 23
1229 85
1230 96
1231 13
1232 41
1233 8
1234 3
1235 65
1236 99
1237 25
1238 34
1239 55
1240 60
1241 70
1242 37
1243 57
1244 5
1245 25
1246 19
1247 60
1248 27
1249 56
1250 37
1251 2
1252 42
1253 98
1254 13
1255 24
1256 12
1257 1
1258 49
1259 11
1260 81
1261 47
1262 86
1263 88
1264 13
1265 70
1266 66
1267 59
1268 10
1269 54
1270 49
1271 96
1272 18
1273 74
1274 84
1275 54
1276 72
1277 93
1278 46
1279 21
1280 80
1281 47
1282 29
1283 44
1284 75
1285 14
1286 98
1287 37
1288 68
1289 70
1290 56
1291 48
1292 73
1293 50
1294 7
1295 7
1296 52
1297 43
1298 40
1299 47
1300 45
1301 70
1302 11
1303 88
1304 4
1305 32
1306 46
1307 100
1308 12
1309 65
1310 50
1311 69
1312 81
1313 10
1314 72
1315 33
1316 36
1317 84
1318 79
1319 59
1320 70
1321 53
1322 60
1323 6
1324 79
1325 23
1326 88
1327 99
1328 94
1329 76
1330 9
1331 54
1332 91
1333 99
1334 92
1335 76
1336 37
1337 43
1338 95
1339 82
1340 71
1341 11
1342 19
1343 97
1344 4
1345 37
1346 60
1347 56
1348 26
1349 41
1350 56
1351 16
1352 11
1353 18
1354 3
1355 57
1356 69
1357 19
1358 22
1359 35
1360 4
1361 50
1362 79
1363 18
1364 25
1365 83
1366 35
1367 54
1368 81
1369 50
1370 37
1371 31
1372 78
1373 36
1374 94
1375 43
1376 89
1377 57
1378 74
1379 55
1380 88
1381 9
1382 21
1383 16
1384 48
1385 66
1386 18
1387 5
1388 74
1389 26
1390 58
1391 51
1392 63
1393 42
1394 58
1395 13
1396 10
1397 91
1398 54
1399 9
1400 91
1401 32
1402 40
1403 81
1404 91
1405 24
1406 20
1407 11
1408 49
1409 46
1410 85
1411 11
1412 37
1413 22
1414 1
1415 70
1416 4
1417 18
1418 70
1419 66
1420 13
1421 26
1422 13
1423 49
1424 25
1425 44
1426 91
1427 34
1428 94
1429 7
1430 81
1431 31
1432 16
1433 90
1434 50
1435 48
1436 34
1437 97
1438 68
1439 26
1440 70
1441 22
1442 63
1443 10
1444 58
1445 94
1446 99
1447 88
1448 74
1449 72
1450 72
1451 67
1452 18
1453 1
1454 80
1455 89
1456 37
1457 65
1458 11
1459 80
1460 73
1461 21
1462 34
1463 25
1464 100
1465 32
1466 59
1467 8
1468 79
1469 11
1470 100
1471 25
1472 45
1473 83
1474 77
1475 35
1476 66
1477 13
1478 42
1479 46
1480 1
1481 61
1482 69
1483 57
1484 74
1485 94
1486 77
1487 92
1488 39
1489 24
1490 93
1491 58
1492 43
1493 84
1494 5
1495 36
1496 23
1497 39
1498 62
1499 72
1500 35
1501 8
1502 94
1503 72
1504 50
1505 92
1506 5
1507 99
1508 4
1509 72
1510 60
1511 61
1512 70
1513 56
1514 10
1515 17
1516 25
1517 56
1518 67
1519 84
1520 15
1521 30
1522 41
1523 78
1524 53
1525 77
1526 33
1527 21
1528 1
1529 75
1530 89
1531 15
1532 88
1533 71
1534 47
1535 77
1536 91
1537 44
1538 55
1539 20
1540 89
1541 27
1542 54
1543 46
1544 81
1545 7
1546 55
1547 34
1548 3
1549 83
1550 11
1551 86
1552 86
1553 69
1554 2
1555 34
1556 35
1557 98
1558 90
1559 63
1560 36
1561 68
1562 86
1563 3
1564 19
1565 100
1566 10
1567 45
1568 2
1569 48
1570 81
1571 58
1572 89
1573 70
1574 65
1575 46
1576 2
1577 64
1578 16
1579 80
1580 81
1581 83
1582 52
1583 21
1584 89
1585 4
1586 92
1587 81
1588 99
1589 36
1590 96
1591 68
1592 95
1593 60
1594 57
1595 29
1596 92
1597 12
1598 24
1599 100
1600 45
1601 61
1602 62
1603 43
1604 17
1605 76
1606 81
1607 35
1608 55
1609 97
1610 90
1611 40
1612 87
1613 81
1614 95
1615 17
1616 25
1617 7
1618 35
1619 15
1620 37
1621 53
1622 10
1623 73
1624 3
1625 22
1626 34
1627 61
1628 34
1629 67
1630 91
1631 31
1632 96
1633 88
1634 4
1635 28
1636 47
1637 52
1638 10
1639 5
1640 74
1641 89
1642 61
1643 41
1644 53
1645 19
1646 58
1647 71
1648 3
1649 9
1650 100
1651 92
1652 56
1653 70
1654 59
1655 17
1656 85
1657 97
1658 59
1659 3
1660 4
1661 98
1662 27
1663 39
1664 89
1665 83
1666 54
1667 24
1668 58
1669 20
1670 31
1671 59
1672 67
1673 89
1674 70
1675 47
1676 33
1677 35
1678 1
1679 15
1680 30
1681 6
1682 24
1683 38
1684 1
1685 14
1686 72
1687 12
1688 70
1689 59
1690 79
1691 86
1692 70
1693 65
1694 36
1695 28
1696 71
1697 90
1698 7
1699 55
1700 95
1701 58
1702 89
1703 63
1704 87
1705 61
1706 4
1707 100
1708 24
1709 11
1710 38
1711 29
1712 32
1713 52
1714 95
1715 71
1716 17
1717 60
1718 62
1719 19
1720 73
1721 95
1722 32
1723 20
1724 98
1725 59
1726 67
1727 77
1728 83
1729 77
1730 99
1731 26
1732 2
1733 86
1734 99
1735 99
1736 100
1737 73
1738 26
1739 65
1740 47
1741 74
1742 50
1743 19
1744 58
1745 52
1746 82
1747 6
1748 8
1749 32
1750 43
1751 49
1752 83
1753 51
1754 90
1755 36
1756 80
1757 12
1758 80
1759 11
1760 66
1761 83
1762 81
1763 40
1764 76
1765 62
1766 10
1767 60
1768 62
1769 99
1770 23
1771 2
1772 29
1773 1
1774 6
1775 29
1776 32
1777 84
1778 16
1779 22
1780 34
1781 99
1782 25
1783 80
1784 80
1785 84
1786 47
1787 66
1788 35
1789 62
1790 2
1791 99
1792 81
1793 38
1794 43
1795 62
1796 42
1797 2
1798 67
1799 27
1800 70
1801 66
1802 19
1803 27
1804 92
1805 40
1806 11
1807 99
1808 20
1809 10
1810 2
1811 89
1812 8
1813 14
1814 87
1815 1
1816 37
1817 53
1818 40
1819 81
1820 6
1821 7
1822 93
1823 75
1824 26
1825 78
1826 59
1827 52
1828 9
1829 6
1830 54
1831 13
1832 77
1833 23
1834 11
1835 65
1836 69
1837 29
1838 74
1839 62
1840 86
1841 19
1842 58
1843 43
1844 22
1845 3
1846 37
1847 10
1848 17
1849 80
1850 90
1851 100
1852 94
1853 68
1854 30
1855 88
1856 18
1857 48
1858 56
1859 20
1860 98
1861 75
1862 25
1863 80
1864 27
1865 55
1866 85
1867 94
1868 13
1869 55
1870 15
1871 71
1872 66
1873 39
1874 63
1875 11
1876 25
1877 78
1878 83
1879 18
1880 27
1881 99
1882 79
1883 97
1884 7
1885 31
1886 39
1887 25
1888 92
1889 14
1890 24
1891 44
1892 51
1893 92
1894 45
1895 17
1896 81
1897 90
1898 94
1899 91
1900 94
1901 79
1902 47
1903 15
1904 53
1905 69
1906 44
1907 38
1908 86
1909 3
1910 46
1911 66
1912 74
1913 67
1914 9
1915 97
1916 99
1917 46
1918 56
1919 93
1920 42
1921 43
1922 7
1923 1
1924 17
1925 3
1926 32
1927 49
1928 88
1929 83
1930 48
1931 18
1932 86
1933 22
1934 56
1935 11
1936 76
1937 75
1938 84
1939 12
1940 29
1941 15
1942 75
1943 72
1944 11
1945 15
1946 24
1947 49
1948 42
1949 60
1950 73
1951 43
1952 21
1953 71
1954 72
1955 24
1956 3
1957 63
1958 30
1959 86
1960 93
1961 6
1962 8
1963 93
1964 44
1965 90
1966 80
1967 23
1968 32
1969 42
1970 51
1971 89
1972 26
1973 79
1974 91
1975 81
1976 11
1977 22
1978 63
1979 54
1980 77
1981 12
1982 53
1983 94
1984 25
1985 86
1986 85
1987 60
1988 6
1989 55
1990 72
1991 93
1992 55
1993 14
1994 65
1995 37
1996 49
1997 78
1998 12
1999 83
2000 31
2001 32
2002 84
2003 40
2004 56
2005 35
2006 7
2007 85
2008 88
2009 4
2010 84
2011 45
2012 17
2013 95
2014 94
2015 89
2016 51
2017 91
2018 17
2019 19
2020 52
2021 33
2022 68
2023 8
2024 42
2025 63
2026 14
2027 41
2028 51
2029 40
2030 2
2031 93
2032 76
2033 73
2034 50
2035 65
2036 14
2037 31
2038 22
2039 73
2040 20
2041 31
2042 66
2043 8
2044 34
2045 70
2046 94
2047 75
2048 54
2049 83
2050 95
2051 51
2052 21
2053 74
2054 14
2055 76
2056 63
2057 28
2058 8
2059 9
2060 80
2061 88
2062 19
2063 15
2064 6
2065 48
2066 76
2067 41
2068 49
2069 24
2070 19
2071 29
2072 10
2073 94
2074 47
2075 11
2076 44
2077 89
2078 18
2079 29
2080 51
2081 61
2082 81
2083 43
2084 78
2085 33
2086 60
2087 17
2088 38
2089 1
2090 33
2091 57
2092 89
2093 26
2094 9
2095 98
2096 44
2097 88
2098 98
2099 71
2100 19
2101 56
2102 24
2103 57
2104 65
2105 35
2106 79
2107 88
2108 1
2109 63
2110 68
2111 1
2112 23
2113 87
2114 53
2115 44
2116 92
2117 87
2118 29
2119 79
2120 99
2121 76
2122 81
2123 40
2124 41
2125 67
2126 44
2127 55
2128 38
2129 89
2130 89
2131 16
2132 95
2133 44
2134 41
2135 20
2136 41
2137 19
2138 5
2139 3
2140 81
2141 27
2142 24
2143 28
2144 98
2145 12
2146 56
2147 36
2148 67
2149 34
2150 26
2151 34
2152 15
2153 11
2154 98
2155 88
2156 77
2157 91
2158 36
2159 64
2160 67
2161 62
2162 43
2163 36
2164 54
2165 41
2166 38
2167 20
2168 24
2169 30
2170 25
2171 59
2172 53
2173 83
2174 32
2175 80
2176 76
2177 12
2178 17
2179 52
2180 95
2181 58
2182 29
2183 40
2184 14
2185 77
2186 2
2187 13
2188 95
2189 89
2190 10
2191 85
2192 90
2193 37
2194 40
2195 4
2196 39
2197 41
2198 76
2199 96
2200 17
2201 46
2202 76
2203 16
2204 10
2205 93
2206 16
2207 61
2208 64
2209 83
2210 74
2211 6
2212 37
2213 79
2214 59
2215 40
2216 66
2217 80
2218 8
2219 12
2220 89
2221 19
2222 13
2223 22
2224 73
2225 16
2226 36
2227 99
2228 35
2229 52
2230 56
2231 39
2232 12
2233 92
2234 51
2235 53
2236 18
2237 72
2238 56
2239 30
2240 98
2241 28
2242 54
2243 74
2244 74
2245 58
2246 25
2247 1
2248 13
2249 18
2250 10
2251 58
2252 46
2253 79
2254 22
2255 19
2256 97
2257 54
2258 40
2259 4
2260 98
2261 70
2262 52
2263 86
2264 50
2265 95
2266 57
2267 97
2268 55
2269 64
2270 47
2271 67
2272 1
2273 65
2274 62
2275 29
2276 42
2277 26
2278 47
2279 55
2280 35
2281 85
2282 85
2283 96
2284 41
2285 47
2286 69
2287 13
2288 87
2289 76
2290 14
2291 81
2292 14
2293 3
2294 53
2295 42
2296 35
2297 15
2298 92
2299 19
2300 3
2301 3
2302 13
2303 8
2304 61
2305 52
2306 63
2307 77
2308 93
2309 20
2310 12
2311 50
2312 84
2313 72
2314 70
2315 1
2316 85
2317 51
2318 8
2319 59
2320 49
2321 100
2322 58
2323 17
2324 7
2325 54
2326 30
2327 91
2328 45
2329 36
2330 17
2331 6
2332 45
2333 71
2334 21
2335 69
2336 11
2337 62
2338 44
2339 60
2340 35
2341 88
2342 65
2343 18
2344 1
2345 26
2346 92
2347 60
2348 41
2349 86
2350 72
2351 2
2352 56
2353 29
2354 63
2355 17
2356 94
2357 46
2358 11
2359 64
2360 14
2361 6
2362 33
2363 96
2364 18
2365 68
2366 82
2367 68
2368 76
2369 89
2370 61
2371 93
2372 45
2373 83
2374 28
2375 83
2376 36
2377 11
2378 17
2379 61
2380 75
2381 10
2382 71
2383 40
2384 33
2385 56
2386 68
2387 80
2388 32
2389 40
2390 7
2391 29
2392 44
2393 82
2394 77
2395 95
2396 36
2397 90
2398 10
2399 76
2400 89
2401 18
2402 2
2403 4
2404 3
2405 90
2406 27
2407 27
2408 22
2409 36
2410 16
2411 55
2412 85
2413 5
2414 28
2415 27
2416 76
2417 10
2418 61
2419 41
2420 74
2421 62
2422 81
2423 26
2424 13
2425 19
2426 57
2427 9
2428 68
2429 85
2430 67
2431 57
2432 24
2433 55
2434 85
2435 32
2436 100
2437 52
2438 94
2439 14
2440 48
2441 27
2442 34
2443 24
2444 92
2445 52
2446 94
2447 22
2448 21
2449 30
2450 82
2451 82
2452 93
2453 58
2454 42
2455 70
2456 78
2457 22
2458 34
2459 3
2460 61
2461 81
2462 76
2463 85
2464 83
2465 97
2466 20
2467 56
2468 72
2469 37
2470 1
2471 31
2472 80
2473 20
2474 21
2475 96
2476 4
2477 71
2478 64
2479 13
2480 48
2481 90
2482 33
2483 61
2484 73
2485 39
2486 56
2487 32
2488 83
2489 41
2490 46
2491 79
2492 3
2493 98
2494 68
2495 99
2496 8
2497 45
2498 24
2499 46
2500 14
2501 7
2502 34
2503 7
2504 24
2505 32
2506 18
2507 87
2508 22
2509 38
2510 4
2511 33
2512 94
2513 52
2514 17
2515 76
2516 30
2517 17
2518 3
2519 15
2520 18
2521 12
2522 4
2523 59
2524 8
2525 35
2526 1
2527 27
2528 78
2529 11
2530 47
2531 33
2532 95
2533 53
2534 77
2535 68
2536 91
2537 99
2538 39
2539 16
2540 60
2541 73
2542 68
2543 40
2544 60
2545 82
2546 32
2547 41
2548 35
2549 44
2550 36
2551 29
2552 2
2553 23
2554 5
2555 53
2556 69
2557 72
2558 82
2559 13
2560 29
2561 18
2562 71
2563 41
2564 19
2565 26
2566 39
2567 11
2568 4
2569 4
2570 43
2571 82
2572 95
2573 84
2574 100
2575 61
2576 34
2577 49
2578 70
2579 63
2580 93
2581 9
2582 56
2583 58
2584 28
2585 84
2586 32
2587 55
2588 75
2589 13
2590 55
2591 16
2592 72
2593 31
2594 87
2595 81
2596 4
2597 2
2598 20
2599 80
2600 30
2601 83
2602 50
2603 68
2604 52
2605 34
2606 28
2607 58
2608 88
2609 82
2610 29
2611 56
2612 46
2613 89
2614 80
2615 90
2616 40
2617 35
2618 13
2619 62
2620 15
2621 15
2622 47
2623 61
2624 37
2625 58
2626 35
2627 69
2628 33
2629 80
2630 43
2631 4
2632 67
2633 89
2634 86
2635 22
2636 53
2637 91
2638 31
2639 49
2640 18
2641 68
2642 75
2643 99
2644 63
2645 5
2646 19
2647 27
2648 5
2649 62
2650 84
2651 50
2652 16
2653 92
2654 90
2655 61
2656 60
2657 58
2658 28
2659 96
2660 67
2661 53
2662 22
2663 40
2664 24
2665 88
2666 40
2667 58
2668 30
2669 4
2670 12
2671 37
2672 87
2673 26
2674 11
2675 89
2676 16
2677 97
2678 27
2679 88
2680 100
2681 38
2682 12
2683 39
2684 17
2685 11
2686 46
2687 33
2688 37
2689 91
2690 39
2691 19
2692 90
2693 89
2694 49
2695 43
2696 19
2697 47
2698 43
2699 76
2700 56
2701 61
2702 33
2703 74
2704 51
2705 87
2706 24
2707 42
2708 6
2709 12
2710 42
2711 50
2712 69
2713 70
2714 82
2715 86
2716 82
2717 24
2718 90
2719 99
2720 76
2721 74
2722 42
2723 41
2724 50
2725 59
2726 38
2727 67
2728 97
2729 78
2730 80
2731 13
2732 6
2733 18
2734 71
2735 82
2736 22
2737 1
2738 94
2739 78
2740 99
2741 86
2742 26
2743 57
2744 62
2745 31
2746 33
2747 34
2748 6
2749 44
2750 38
2751 84
2752 61
2753 58
2754 15
2755 12
2756 32
2757 8
2758 16
2759 32
2760 66
2761 36
2762 69
2763 88
2764 13
2765 66
2766 39
2767 40
2768 18
2769 53
2770 44
2771 18
2772 1
2773 81
2774 14
2775 89
2776 46
2777 38
2778 24
2779 96
2780 78
2781 46
2782 75
2783 74
2784 17
2785 100
2786 23
2787 70
2788 14
2789 39
2790 40
2791 56
2792 22
2793 17
2794 1
2795 73
2796 31
2797 22
2798 11
2799 84
2800 98
2801 40
2802 62
2803 86
2804 48
2805 12
2806 38
2807 66
2808 84
2809 53
2810 60
2811 83
2812 17
2813 55
2814 34
2815 20
2816 2
2817 19
2818 38
2819 45
2820 66
2821 32
2822 90
2823 67
2824 75
2825 12
2826 44
2827 32
2828 25
2829 43
2830 36
2831 91
2832 84
2833 60
2834 41
2835 42
2836 88
2837 90
2838 73
2839 46
2840 78
2841 64
2842 3
2843 65
2844 90
2845 74
2846 85
2847 16
2848 41
2849 30
2850 26
2851 7
2852 56
2853 81
2854 70
2855 68
2856 76
2857 21
2858 4
2859 40
2860 56
2861 89
2862 42
2863 14
2864 42
2865 68
2866 89
2867 20
2868 93
2869 70
2870 26
2871 41
2872 47
2873 41
2874 87
2875 43
2876 81
2877 70
2878 59
2879 64
2880 47
2881 62
2882 79
2883 15
2884 67
2885 42
2886 86
2887 23
2888 62
2889 26
2890 73
2891 75
2892 24
2893 40
2894 7
2895 31
2896 92
2897 76
2898 5
2899 81
2900 97
2901 40
2902 47
2903 76
2904 13
2905 76
2906 3
2907 35
2908 80
2909 68
2910 80
2911 39
2912 78
2913 15
2914 85
2915 25
2916 89
2917 25
2918 16
2919 7
2920 4
2921 99
2922 46
2923 65
2924 78
2925 26
2926 27
2927 35
2928 63
2929 82
2930 5
2931 60
2932 7
2933 37
2934 70
2935 5
2936 98
2937 6
2938 13
2939 61
2940 62
2941 39
2942 47
2943 77
2944 17
2945 53
2946 59
2947 23
2948 37
2949 42
2950 87
2951 51
2952 20
2953 6
2954 53
2955 39
2956 43
2957 68
2958 78
2959 15
2960 26
2961 56
2962 24
2963 89
2964 88
2965 18
2966 69
2967 24
2968 12
2969 2
2970 5
2971 70
2972 81
2973 38
2974 84
2975 66
2976 85
2977 2
2978 31
2979 47
2980 93
2981 72
2982 47
2983 3
2984 15
2985 8
2986 4
2987 67
2988 33
2989 94
2990 25
2991 75
2992 1
2993 10
2994 16
2995 99
2996 71
2997 2
2998 22
2999 58
3000 50
3001 53
3002 68
3003 43
3004 35
3005 70
3006 79
3007 65
3008 76
3009 50
3010 25
3011 98
3012 86
3013 41
3014 75
3015 14
3016 86
3017 1
3018 8
3019 95
3020 67
3021 71
3022 73
3023 76
3024 8
3025 16
3026 69
3027 7
3028 53
3029 19
3030 96
3031 17
3032 72
3033 67
3034 5
3035 45
3036 47
3037 37
3038 55
3039 10
3040 29
3041 88
3042 10
3043 83
3044 35
3045 27
3046 16
3047 27
3048 69
3049 47
3050 52
3051 42
3052 12
3053 58
3054 38
3055 65
3056 57
3057 68
3058 64
3059 22
3060 86
3061 59
3062 39
3063 63
3064 65
3065 34
3066 42
3067 65
3068 66
3069 47
3070 75
3071 15
3072 83
3073 29
3074 51
3075 96
3076 85
3077 38
3078 70
3079 34
3080 30
3081 30
3082 4
3083 67
3084 65
3085 99
3086 32
3087 79
3088 14
3089 99
3090 9
3091 89
3092 11
3093 73
3094 16
3095 41
3096 20
3097 13
3098 10
3099 23
3100 12
3101 2
3102 36
3103 92
3104 15
3105 61
3106 27
3107 54
3108 82
3109 50
3110 89
3111 67
3112 53
3113 48
3114 7
3115 43
3116 70
3117 92
3118 71
3119 77
3120 85
3121 24
3122 82
3123 82
3124 32
3125 48
3126 98
3127 26
3128 7
3129 81
3130 37
3131 57
3132 42
3133 37
3134 22
3135 94
3136 99
3137 12
3138 85
3139 80
3140 33
3141 50
3142 17
3143 71
3144 100
3145 17
3146 99
3147 45
3148 47
3149 31
3150 94
3151 52
3152 62
3153 56
3154 75
3155 15
3156 17
3157 5
3158 60
3159 66
3160 91
3161 91
3162 56
3163 75
3164 70
3165 25
3166 17
3167 10
3168 66
3169 71
3170 14
3171 16
3172 49
3173 28
3174 26
3175 48
3176 37
3177 88
3178 29
3179 46
3180 63
3181 99
3182 75
3183 74
3184 80
3185 17
3186 64
3187 66
3188 16
3189 78
3190 15
3191 78
3192 82
3193 11
3194 22
3195 8
3196 90
3197 92
3198 56
3199 39
3200 13
3201 53
3202 99
3203 77
3204 25
3205 54
3206 64
3207 17
3208 47
3209 67
3210 70
3211 42
3212 52
3213 27
3214 30
3215 67
3216 93
3217 59
3218 62
3219 2
3220 64
3221 87
3222 18
3223 97
3224 41
3225 29
3226 48
3227 63
3228 48
3229 91
3230 60
3231 86
3232 40
3233 1
3234 49
3235 40
3236 11
3237 92
3238 82
3239 26
3240 30
3241 90
3242 84
3243 48
3244 35
3245 26
3246 6
3247 16
3248 28
3249 36
3250 93
3251 82
3252 39
3253 89
3254 83
3255 74
3256 56
3257 95
3258 65
3259 11
3260 37
3261 66
3262 34
3263 69
3264 94
3265 38
3266 48
3267 87
3268 34
3269 51
3270 19
3271 99
3272 26
3273 4
3274 20
3275 74
3276 90
3277 85
3278 88
3279 14
3280 41
3281 67
3282 17
3283 37
3284 80
3285 89
3286 20
3287 83
3288 7
3289 17
3290 27
3291 37
3292 99
3293 93
3294 38
3295 70
3296 9
3297 44
3298 40
3299 54
3300 87
3301 77
3302 87
3303 60
3304 52
3305 4
3306 47
3307 76
3308 100
3309 2
3310 41
3311 80
3312 25
3313 98
3314 29
3315 96
3316 83
3317 25
3318 26
3319 100
3320 78
3321 47
3322 3
3323 3
3324 62
3325 52
3326 9
3327 94
3328 90
3329 56
3330 34
3331 23
3332 77
3333 48
3334 65
3335 14
3336 43
3337 60
3338 35
3339 82
3340 24
3341 55
3342 54
3343 25
3344 64
3345 49
3346 55
3347 18
3348 3
3349 90
3350 25
3351 31
3352 45
3353 2
3354 2
3355 100
3356 1
3357 37
3358 57
3359 57
3360 17
3361 17
3362 3
3363 100
3364 92
3365 67
3366 14
3367 72
3368 24
3369 49
3370 37
3371 65
3372 55
3373 66
3374 28
3375 26
3376 75
3377 45
3378 2
3379 78
3380 25
3381 68
3382 48
3383 44
3384 55
3385 67
3386 72
3387 48
3388 18
3389 95
3390 12
3391 47
3392 46
3393 62
3394 33
3395 39
3396 95
3397 100
3398 84
3399 96
3400 32
3401 77
3402 96
3403 44
3404 94
3405 82
3406 4
3407 51
3408 72
3409 77
3410 30
3411 15
3412 70
3413 81
3414 26
3415 55
3416 11
3417 73
3418 35
3419 25
3420 55
3421 11
3422 58
3423 40
3424 10
3425 41
3426 49
3427 46
3428 91
3429 5
3430 10
3431 37
3432 82
3433 70
3434 14
3435 90
3436 2
3437 3
3438 23
3439 30
3440 46
3441 86
3442 83
3443 38
3444 2
3445 92
3446 24
3447 41
3448 36
3449 21
3450 30
3451 33
3452 23
3453 49
3454 75
3455 83
3456 4
3457 37
3458 41
3459 4
3460 6
3461 31
3462 77
3463 48
3464 14
3465 52
3466 63
3467 77
3468 98
3469 63
3470 21
3471 15
3472 87
3473 2
3474 68
3475 19
3476 42
3477 81
3478 46
3479 60
3480 26
3481 21
3482 58
3483 71
3484 65
3485 42
3486 39
3487 26
3488 98
3489 39
3490 70
3491 34
3492 70
3493 96
3494 23
3495 79
3496 54
3497 35
3498 75
3499 2
3500 55
3501 25
3502 9
3503 26
3504 78
3505 6
3506 43
3507 9
3508 16
3509 39
3510 92
3511 81
3512 20
3513 70
3514 67
3515 46
3516 21
3517 1
3518 77
3519 26
3520 62
3521 93
3522 55
3523 20
3524 20
3525 79
3526 56
3527 61
3528 2
3529 12
3530 60
3531 12
3532 15
3533 33
3534 23
3535 59
3536 29
3537 83
3538 54
3539 25
3540 33
3541 46
3542 70
3543 75
3544 83
3545 50
3546 100
3547 79
3548 33
3549 89
3550 47
3551 99
3552 67
3553 10
3554 85
3555 36
3556 30
3557 24
3558 46
3559 69
3560 18
3561 8
3562 20
3563 25
3564 60
3565 88
3566 45
3567 36
3568 90
3569 42
3570 4
3571 17
3572 81
3573 27
3574 21
3575 39
3576 1
3577 64
3578 66
3579 22
3580 5
3581 17
3582 6
3583 44
3584 36
3585 14
3586 89
3587 36
3588 93
3589 78
3590 49
3591 86
3592 46
3593 39
3594 34
3595 25
3596 20
3597 62
3598 31
3599 26
3600 25
3601 56
3602 89
3603 59
3604 45
3605 97
3606 36
3607 3
3608 23
3609 13
3610 73
3611 64
3612 18
3613 54
3614 16
3615 14
3616 55
3617 21
3618 51
3619 73
3620 86
3621 38
3622 71
3623 53
3624 62
3625 77
3626 47
3627 86
3628 18
3629 54
3630 84
3631 72
3632 45
3633 6
3634 10
3635 99
3636 94
3637 70
3638 66
3639 43
3640 73
3641 17
3642 69
3643 18
3644 84
3645 28
3646 18
3647 23
3648 67
3649 26
3650 23
3651 83
3652 33
3653 46
3654 64
3655 34
3656 87
3657 84
3658 79
3659 27
3660 96
3661 34
3662 88
3663 81
3664 5
3665 41
3666 3
3667 69
3668 68
3669 71
3670 83
3671 17
3672 48
3673 42
3674 76
3675 7
3676 91
3677 84
3678 70
3679 95
3680 39
3681 3
3682 21
3683 35
3684 48
3685 25
3686 71
3687 70
3688 1
3689 7
3690 28
3691 9
3692 92
3693 6
3694 99
3695 52
3696 15
3697 69
3698 37
3699 88
3700 93
3701 9
3702 19
3703 59
3704 43
3705 72
3706 66
3707 89
3708 45
3709 91
3710 41
3711 93
3712 75
3713 31
3714 48
3715 25
3716 67
3717 4
3718 40
3719 22
3720 96
3721 48
3722 5
3723 21
3724 27
3725 65
3726 96
3727 64
3728 70
3729 71
3730 1
3731 2
3732 81
3733 28
3734 81
3735 25
3736 8
3737 87
3738 75
3739 92
3740 48
3741 41
3742 30
3743 78
3744 38
3745 63
3746 86
3747 86
3748 73
3749 39
3750 59
3751 66
3752 68
3753 11
3754 45
3755 46
3756 92
3757 91
3758 46
3759 70
3760 10
3761 53
3762 59
3763 33
3764 26
3765 13
3766 55
3767 61
3768 75
3769 62
3770 95
3771 18
3772 44
3773 78
3774 66
3775 70
3776 76
3777 79
3778 28
3779 16
3780 43
3781 96
3782 86
3783 59
3784 3
3785 13
3786 89
3787 69
3788 74
3789 57
3790 94
3791 55
3792 96
3793 81
3794 82
3795 37
3796 9
3797 69
3798 29
3799 100
3800 78
3801 86
3802 44
3803 29
3804 95
3805 57
3806 6
3807 73
3808 74
3809 70
3810 51
3811 95
3812 77
3813 38
3814 100
3815 14
3816 39
3817 74
3818 76
3819 49
3820 45
3821 56
3822 12
3823 20
3824 53
3825 94
3826 29
3827 26
3828 74
3829 28
3830 3
3831 9
3832 16
3833 90
3834 2
3835 14
3836 59
3837 49
3838 22
3839 71
3840 52
3841 62
3842 3
3843 89
3844 78
3845 3
3846 68
3847 68
3848 72
3849 10
3850 64
3851 94
3852 15
3853 35
3854 18
3855 91
3856 54
3857 50
3858 64
3859 12
3860 33
3861 91
3862 78
3863 57
3864 84
3865 10
3866 1
3867 20
3868 35
3869 93
3870 59
3871 7
3872 49
3873 89
3874 19
3875 18
3876 85
3877 78
3878 5
3879 52
3880 34
3881 55
3882 75
3883 66
3884 23
3885 91
3886 85
3887 66
3888 71
3889 100
3890 55
3891 24
3892 2
3893 4
3894 52
3895 40
3896 90
3897 37
3898 11
3899 47
3900 18
3901 6
3902 13
3903 1
3904 27
3905 63
3906 72
3907 25
3908 9
3909 41
3910 72
3911 85
3912 63
3913 55
3914 67
3915 11
3916 32
3917 90
3918 14
3919 48
3920 92
3921 50
3922 13
3923 78
3924 12
3925 87
3926 50
3927 93
3928 8
3929 85
3930 62
3931 94
3932 61
3933 39
3934 69
3935 84
3936 32
3937 59
3938 84
3939 10
3940 91
3941 54
3942 3
3943 41
3944 56
3945 64
3946 58
3947 97
3948 27
3949 69
3950 51
3951 85
3952 49
3953 59
3954 51
3955 9
3956 29
3957 29
3958 25
3959 70
3960 40
3961 57
3962 85
3963 85
3964 44
3965 78
3966 1
3967 35
3968 42
3969 50
3970 24
3971 18
3972 42
3973 65
3974 45
3975 19
3976 20
3977 42
3978 65
3979 57
3980 16
3981 79
3982 85
3983 1
3984 81
3985 35
3986 17
3987 45
3988 88
3989 34
3990 23
3991 1
3992 38
3993 18
3994 38
3995 85
3996 24
3997 38
3998 66
3999 10
4000 29
4001 81
4002 51
4003 71
4004 12
4005 68
4006 8
4007 38
4008 15
4009 32
4010 79
4011 11
4012 37
4013 50
4014 4
4015 30
4016 76
4017 60
4018 56
4019 45
4020 64
4021 55
4022 11
4023 27
4024 63
4025 94
4026 12
4027 91
4028 13
4029 6
4030 43
4031 96
4032 27
4033 74
4034 66
4035 29
4036 40
4037 60
4038 53
4039 89
4040 39
4041 19
4042 12
4043 10
4044 16
4045 84
4046 99
4047 79
4048 18
4049 75
4050 32
4051 40
4052 97
4053 23
4054 17
4055 88
4056 74
4057 8
4058 59
4059 40
4060 44
4061 55
4062 75
4063 29
4064 7
4065 16
4066 96
4067 33
4068 23
4069 29
4070 35
4071 93
4072 11
4073 3
4074 9
4075 46
4076 30
4077 10
4078 56
4079 95
4080 87
4081 26
4082 59
4083 1
4084 2
4085 84
4086 92
4087 31
4088 15
4089 33
4090 41
4091 16
4092 2
4093 36
4094 96
4095 98
4096 98
4097 3
4098 86
4099 26
4100 20
4101 5
4102 57
4103 2
4104 31
4105 19
4106 99
4107 95
4108 100
4109 54
4110 95
4111 50
4112 51
4113 54
4114 50
4115 8
4116 36
4117 37
4118 7
4119 34
4120 98
4121 27
4122 97
4123 37
4124 49
4125 93
4126 77
4127 34
4128 10
4129 44
4130 96
4131 41
4132 28
4133 82
4134 55
4135 67
4136 70
4137 69
4138 10
4139 76
4140 18
4141 30
4142 68
4143 48
4144 58
4145 88
4146 18
4147 55
4148 71
4149 52
4150 13
4151 69
4152 73
4153 91
4154 90
4155 67
4156 11
4157 75
4158 45
4159 44
4160 62
4161 14
4162 4
4163 89
4164 66
4165 56
4166 32
4167 63
4168 89
4169 58
4170 46
4171 96
4172 67
4173 56
4174 3
4175 17
4176 21
4177 33
4178 38
4179 43
4180 92
4181 29
4182 83
4183 14
4184 10
4185 41
4186 54
4187 72
4188 54
4189 77
4190 70
4191 85
4192 66
4193 80
4194 47
4195 44
4196 76
4197 23
4198 3
4199 34
4200 12
4201 73
4202 74
4203 58
4204 35
4205 74
4206 24
4207 81
4208 85
4209 20
4210 19
4211 88
4212 76
4213 25
4214 55
4215 24
4216 91
4217 3
4218 58
4219 71
4220 1
4221 22
4222 21
4223 89
4224 90
4225 71
4226 9
4227 1
4228 76
4229 86
4230 35
4231 99
4232 69
4233 66
4234 89
4235 23
4236 12
4237 23
4238 55
4239 91
4240 19
4241 70
4242 66
4243 57
4244 26
4245 54
4246 14
4247 7
4248 26
4249 74
4250 54
4251 49
4252 14
4253 18
4254 22
4255 18
4256 67
4257 89
4258 91
4259 61
4260 11
4261 4
4262 65
4263 91
4264 31
4265 73
4266 41
4267 86
4268 4
4269 17
4270 3
4271 74
4272 73
4273 70
4274 43
4275 43
4276 23
4277 22
4278 88
4279 87
4280 11
4281 2
4282 64
4283 95
4284 26
4285 83
4286 98
4287 35
4288 70
4289 67
4290 54
4291 59
4292 93
4293 32
4294 23
4295 3
4296 40
4297 56
4298 98
4299 96
4300 53
4301 69
4302 18
4303 70
4304 1
4305 28
4306 16
4307 49
4308 63
4309 3
4310 100
4311 91
4312 13
4313 67
4314 49
4315 61
4316 61
4317 34
4318 26
4319 15
4320 23
4321 91
4322 60
4323 26
4324 3
4325 45
4326 68
4327 7
4328 67
4329 11
4330 56
4331 18
4332 74
4333 88
4334 65
4335 73
4336 55
4337 51
4338 7
4339 8
4340 7
4341 37
4342 17
4343 48
4344 55
4345 40
4346 72
4347 80
4348 89
4349 54
4350 78
4351 75
4352 33
4353 97
4354 91
4355 28
4356 11
4357 91
4358 86
4359 31
4360 79
4361 21
4362 33
4363 45
4364 7
4365 67
4366 77
4367 80
4368 76
4369 38
4370 93
4371 14
4372 90
4373 74
4374 28
4375 33
4376 11
4377 47
4378 53
4379 86
4380 37
4381 30
4382 8
4383 91
4384 67
4385 28
4386 37
4387 56
4388 53
4389 54
4390 70
4391 45
4392 99
4393 43
4394 52
4395 76
4396 7
4397 74
4398 74
4399 52
4400 13
4401 59
4402 5
4403 1
4404 43
4405 85
4406 20
4407 86
4408 39
4409 44
4410 94
4411 30
4412 43
4413 73
4414 52
4415 52
4416 51
4417 51
4418 55
4419 34
4420 97
4421 91
4422 1
4423 23
4424 28
4425 90
4426 6
4427 86
4428 36
4429 5
4430 82
4431 57
4432 71
4433 30
4434 41
4435 21
4436 90
4437 20
4438 20
4439 51
4440 57
4441 4
4442 66
4443 73
4444 41
4445 27
4446 34
4447 87
4448 88
4449 84
4450 79
4451 92
4452 62
4453 66
4454 5
4455 68
4456 55
4457 60
4458 45
4459 68
4460 47
4461 80
4462 47
4463 39
4464 89
4465 47
4466 85
4467 14
4468 53
4469 66
4470 78
4471 92
4472 1
4473 97
4474 86
4475 12
4476 24
4477 26
4478 59
4479 57
4480 72
4481 22
4482 96
4483 89
4484 11
4485 89
4486 64
4487 96
4488 42
4489 6
4490 38
4491 29
4492 49
4493 34
4494 8
4495 5
4496 94
4497 90
4498 95
4499 97
4500 72
4501 90
4502 59
4503 39
4504 47
4505 34
4506 16
4507 75
4508 87
4509 46
4510 47
4511 38
4512 66
4513 97
4514 66
4515 58
4516 96
4517 4
4518 26
4519 54
4520 14
4521 15
4522 37
4523 65
4524 75
4525 68
4526 17
4527 68
4528 55
4529 41
4530 81
4531 38
4532 36
4533 18
4534 1
4535 11
4536 64
4537 58
4538 32
4539 72
4540 71
4541 58
4542 27
4543 26
4544 78
4545 81
4546 30
4547 28
4548 92
4549 11
4550 29
4551 8
4552 43
4553 28
4554 92
4555 28
4556 62
4557 99
4558 73
4559 1
4560 63
4561 81
4562 25
4563 20
4564 64
4565 29
4566 31
4567 43
4568 5
4569 88
4570 47
4571 42
4572 67
4573 62
4574 74
4575 26
4576 56
4577 54
4578 3
4579 4
4580 53
4581 19
4582 49
4583 74
4584 34
4585 3
4586 7
4587 2
4588 92
4589 17
4590 11
4591 55
4592 68
4593 40
4594 41
4595 71
4596 35
4597 72
4598 86
4599 19
4600 50
4601 72
4602 81
4603 15
4604 70
4605 58
4606 50
4607 87
4608 83
4609 92
4610 65
4611 28
4612 95
4613 23
4614 25
4615 15
4616 13
4617 37
4618 58
4619 86
4620 32
4621 88
4622 37
4623 68
4624 77
4625 62
4626 78
4627 80
4628 61
4629 65
4630 33
4631 99
4632 45
4633 67
4634 5
4635 79
4636 52
4637 30
4638 13
4639 67
4640 65
4641 35
4642 10
4643 8
4644 100
4645 37
4646 4
4647 13
4648 83
4649 61
4650 93
4651 69
4652 2
4653 69
4654 62
4655 51
4656 66
4657 42
4658 29
4659 67
4660 93
4661 41
4662 16
4663 11
4664 69
4665 66
4666 83
4667 63
4668 89
4669 80
4670 79
4671 1
4672 26
4673 92
4674 7
4675 90
4676 67
4677 61
4678 12
4679 53
4680 96
4681 64
4682 35
4683 30
4684 85
4685 88
4686 79
4687 71
4688 41
4689 63
4690 75
4691 71
4692 83
4693 71
4694 34
4695 57
4696 53
4697 79
4698 87
4699 73
4700 77
4701 95
4702 46
4703 14
4704 3
4705 98
4706 86
4707 35
4708 83
4709 15
4710 31
4711 34
4712 18
4713 27
4714 69
4715 99
4716 3
4717 38
4718 6
4719 87
4720 53
4721 55
4722 90
4723 91
4724 96
4725 86
4726 20
4727 4
4728 98
4729 45
4730 20
4731 46
4732 79
4733 93
4734 62
4735 68
4736 70
4737 15
4738 96
4739 75
4740 8
4741 5
4742 92
4743 39
4744 24
4745 42
4746 81
4747 57
4748 5
4749 51
4750 94
4751 62
4752 53
4753 1
4754 50
4755 100
4756 37
4757 11
4758 81
4759 24
4760 56
4761 91
4762 33
4763 40
4764 94
4765 96
4766 42
4767 80
4768 71
4769 48
4770 85
4771 68
4772 8
4773 72
4774 58
4775 79
4776 89
4777 99
4778 53
4779 17
4780 86
4781 26
4782 66
4783 31
4784 44
4785 47
4786 83
4787 78
4788 25
4789 32
4790 73
4791 1
4792 29
4793 97
4794 80
4795 15
4796 54
4797 65
4798 48
4799 3
4800 24
4801 5
4802 64
4803 9
4804 84
4805 24
4806 39
4807 25
4808 94
4809 77
4810 49
4811 73
4812 26
4813 65
4814 44
4815 13
4816 22
4817 95
4818 12
4819 47
4820 10
4821 100
4822 31
4823 59
4824 52
4825 65
4826 79
4827 8
4828 30
4829 60
4830 71
4831 28
4832 45
4833 24
4834 62
4835 70
4836 92
4837 10
4838 78
4839 25
4840 8
4841 86
4842 63
4843 24
4844 35
4845 75
4846 24
4847 87
4848 99
4849 16
4850 87
4851 36
4852 30
4853 24
4854 60
4855 48
4856 50
4857 36
4858 8
4859 17
4860 32
4861 18
4862 52
4863 21
4864 51
4865 94
4866 37
4867 33
4868 39
4869 76
4870 48
4871 27
4872 6
4873 98
4874 29
4875 11
4876 76
4877 9
4878 52
4879 72
4880 45
4881 91
4882 65
4883 6
4884 44
4885 81
4886 22
4887 78
4888 57
4889 39
4890 98
4891 37
4892 71
4893 29
4894 17
4895 99
4896 84
4897 72
4898 67
4899 63
4900 73
4901 40
4902 76
4903 95
4904 91
4905 62
4906 83
4907 63
4908 3
4909 23
4910 79
4911 70
4912 92
4913 15
4914 1
4915 38
4916 32
4917 19
4918 48
4919 7
4920 96
4921 31
4922 16
4923 59
4924 97
4925 92
4926 37
4927 97
4928 16
4929 7
4930 72
4931 22
4932 77
4933 13
4934 94
4935 20
4936 84
4937 34
4938 84
4939 47
4940 6
4941 35
4942 84
4943 47
4944 57
4945 50
4946 51
4947 52
4948 52
4949 68
4950 26
4951 90
4952 8
4953 40
4954 81
4955 90
4956 32
4957 8
4958 7
4959 90
4960 61
4961 99
4962 85
4963 15
4964 3
4965 98
4966 31
4967 87
4968 2
4969 17
4970 26
4971 24
4972 83
4973 67
4974 46
4975 71
4976 90
4977 46
4978 57
4979 90
4980 83
4981 67
4982 59
4983 25
4984 31
4985 97
4986 58
4987 27
4988 61
4989 17
4990 36
4991 98
4992 32
4993 61
4994 19
4995 18
4996 30
4997 45
4998 21
4999 81
5000 57
5001 36
5002 20
5003 51
5004 30
5005 85
5006 36
5007 51
5008 28
5009 35
5010 22
5011 37
5012 68
5013 75
5014 65
5015 30
5016 3
5017 36
5018 18
5019 78
5020 73
5021 45
5022 29
5023 25
5024 78
5025 26
5026 67
5027 98
5028 40
5029 43
5030 48
5031 58
5032 44
5033 66
5034 79
5035 50
5036 90
5037 91
5038 25
5039 61
5040 46
5041 64
5042 77
5043 88
5044 70
5045 67
5046 100
5047 16
5048 74
5049 67
5050 53
5051 23
5052 35
5053 14
5054 9
5055 46
5056 12
5057 36
5058 53
5059 51
5060 91
5061 9
5062 68
5063 62
5064 41
5065 7
5066 97
5067 19
5068 65
5069 92
5070 48
5071 52
5072 20
5073 94
5074 70
5075 41
5076 61
5077 57
5078 13
5079 36
5080 39
5081 99
5082 47
5083 57
5084 57
5085 78
5086 24
5087 38
5088 72
5089 21
5090 32
5091 90
5092 93
5093 8
5094 66
5095 4
5096 3
5097 17
5098 90
5099 22
5100 62
5101 51
5102 10
5103 11
5104 61
5105 80
5106 74
5107 48
5108 71
5109 43
5110 76
5111 67
5112 14
5113 49
5114 11
5115 17
5116 82
5117 98
5118 17
5119 34
5120 72
5121 85
5122 59
5123 95
5124 46
5125 55
5126 64
5127 86
5128 63
5129 46
5130 32
5131 86
5132 55
5133 9
5134 75
5135 58
5136 76
5137 55
5138 66
5139 38
5140 30
5141 18
5142 13
5143 57
5144 24
5145 2
5146 8
5147 28
5148 84
5149 29
5150 35
5151 62
5152 60
5153 66
5154 69
5155 50
5156 45
5157 46
5158 47
5159 55
5160 11
5161 63
5162 86
5163 79
5164 5
5165 64
5166 47
5167 56
5168 96
5169 71
5170 52
5171 46
5172 34
5173 11
5174 83
5175 13
5176 40
5177 25
5178 77
5179 93
5180 79
5181 100
5182 52
5183 97
5184 29
5185 19
5186 87
5187 44
5188 85
5189 43
5190 68
5191 2
5192 19
5193 74
5194 87
5195 71
5196 3
5197 41
5198 64
5199 87
5200 5
5201 65
5202 17
5203 93
5204 9
5205 87
5206 17
5207 63
5208 80
5209 71
5210 48
5211 3
5212 52
5213 95
5214 48
5215 52
5216 86
5217 5
5218 55
5219 95
5220 63
5221 1
5222 29
5223 33
5224 7
5225 5
5226 76
5227 51
5228 6
5229 87
5230 67
5231 87
5232 29
5233 63
5234 29
5235 71
5236 26
5237 36
5238 65
5239 99
5240 27
5241 35
5242 59
5243 30
5244 47
5245 52
5246 23
5247 96
5248 80
5249 21
5250 70
5251 94
5252 61
5253 19
5254 5
5255 23
5256 37
5257 64
5258 70
5259 22
5260 75
5261 89
5262 85
5263 62
5264 6
5265 82
5266 70
5267 12
5268 13
5269 55
5270 15
5271 67
5272 18
5273 37
5274 67
5275 55
5276 15
5277 79
5278 69
5279 39
5280 91
5281 30
5282 82
5283 86
5284 1
5285 5
5286 88
5287 96
5288 44
5289 17
5290 37
5291 83
5292 41
5293 79
5294 29
5295 66
5296 40
5297 38
5298 27
5299 66
5300 41
5301 13
5302 17
5303 21
5304 87
5305 4
5306 13
5307 25
5308 30
5309 63
5310 69
5311 14
5312 86
5313 53
5314 17
5315 20
5316 52
5317 96
5318 20
5319 43
5320 41
5321 20
5322 63
5323 16
5324 56
5325 74
5326 51
5327 76
5328 68
5329 66
5330 16
5331 38
5332 55
5333 69
5334 81
5335 72
5336 34
5337 30
5338 80
5339 15
5340 58
5341 95
5342 47
5343 8
5344 15
5345 80
5346 43
5347 41
5348 10
5349 81
5350 36
5351 53
5352 7
5353 65
5354 37
5355 40
5356 66
5357 86
5358 86
5359 25
5360 3
5361 1
5362 63
5363 43
5364 35
5365 97
5366 61
5367 47
5368 48
5369 50
5370 74
5371 6
5372 21
5373 73
5374 2
5375 87
5376 30
5377 76
5378 52
5379 67
5380 18
5381 86
5382 47
5383 80
5384 8
5385 46
5386 89
5387 97
5388 74
5389 78
5390 73
5391 51
5392 25
5393 73
5394 38
5395 20
5396 56
5397 81
5398 74
5399 18
5400 11
5401 88
5402 6
5403 20
5404 17
5405 53
5406 49
5407 89
5408 98
5409 93
5410 71
5411 77
5412 6
5413 39
5414 24
5415 58
5416 44
5417 94
5418 30
5419 14
5420 37
5421 98
5422 6
5423 90
5424 2
5425 52
5426 72
5427 94
5428 2
5429 55
5430 1
5431 31
5432 98
5433 90
5434 30
5435 21
5436 45
5437 77
5438 26
5439 74
5440 67
5441 11
5442 51
5443 48
5444 10
5445 35
5446 21
5447 2
5448 49
5449 42
5450 69
5451 28
5452 63
5453 28
5454 43
5455 82
5456 4
5457 78
5458 71
5459 63
5460 99
5461 90
5462 30
5463 77
5464 54
5465 8
5466 94
5467 37
5468 78
5469 40
5470 72
5471 72
5472 29
5473 33
5474 22
5475 80
5476 57
5477 32
5478 22
5479 24
5480 46
5481 80
5482 42
5483 86
5484 69
5485 20
5486 71
5487 26
5488 32
5489 60
5490 29
5491 28
5492 38
5493 54
5494 3
5495 48
5496 83
5497 62
5498 14
5499 36
5500 92
5501 84
5502 98
5503 29
5504 62
5505 88
5506 30
5507 38
5508 11
5509 98
5510 86
5511 88
5512 20
5513 10
5514 38
5515 3
5516 15
5517 99
5518 1
5519 48
5520 1
5521 54
5522 47
5523 78
5524 88
5525 77
5526 79
5527 31
5528 47
5529 48
5530 24
5531 82
5532 17
5533 35
5534 3
5535 40
5536 57
5537 15
5538 56
5539 98
5540 1
5541 71
5542 31
5543 13
5544 72
5545 81
5546 68
5547 46
5548 89
5549 26
5550 56
5551 27
5552 58
5553 9
5554 10
5555 90
5556 18
5557 100
5558 25
5559 72
5560 53
5561 50
5562 93
5563 79
5564 70
5565 71
5566 77
5567 13
5568 35
5569 50
5570 93
5571 48
5572 31
5573 95
5574 18
5575 40
5576 80
5577 1
5578 29
5579 35
5580 98
5581 47
5582 40
5583 65
5584 14
5585 36
5586 37
5587 13
5588 25
5589 91
5590 4
5591 32
5592 21
5593 8
5594 8
5595 81
5596 4
5597 42
5598 47
5599 57
5600 37
5601 2
5602 21
5603 82
5604 64
5605 27
5606 36
5607 92
5608 58
5609 87
5610 97
5611 55
5612 41
5613 99
5614 22
5615 42
5616 79
5617 76
5618 16
5619 98
5620 47
5621 82
5622 27
5623 16
5624 17
5625 53
5626 25
5627 40
5628 53
5629 9
5630 1
5631 55
5632 97
5633 89
5634 53
5635 97
5636 26
5637 70
5638 51
5639 76
5640 90
5641 84
5642 20
5643 8
5644 27
5645 77
5646 59
5647 31
5648 65
5649 84
5650 78
5651 94
5652 7
5653 52
5654 72
5655 36
5656 20
5657 23
5658 51
5659 48
5660 77
5661 31
5662 32
5663 98
5664 67
5665 95
5666 26
5667 33
5668 85
5669 49
5670 62
5671 66
5672 78
5673 58
5674 96
5675 82
5676 61
5677 70
5678 78
5679 24
5680 89
5681 17
5682 27
5683 32
5684 69
5685 6
5686 14
5687 23
5688 45
5689 44
5690 90
5691 57
5692 69
5693 55
5694 86
5695 80
5696 32
5697 53
5698 10
5699 16
5700 14
5701 77
5702 31
5703 73
5704 20
5705 22
5706 12
5707 71
5708 57
5709 66
5710 51
5711 60
5712 78
5713 28
5714 60
5715 27
5716 85
5717 70
5718 49
5719 62
5720 92
5721 38
5722 65
5723 79
5724 33
5725 34
5726 4
5727 54
5728 78
5729 81
5730 37
5731 96
5732 10
5733 44
5734 29
5735 45
5736 26
5737 43
5738 79
5739 25
5740 31
5741 3
5742 68
5743 18
5744 15
5745 91
5746 14
5747 87
5748 52
5749 15
5750 78
5751 15
5752 67
5753 49
5754 9
5755 49
5756 100
5757 40
5758 90
5759 32
5760 48
5761 98
5762 61
5763 90
5764 94
5765 36
5766 25
5767 7
5768 9
5769 69
5770 78
5771 7
5772 64
5773 78
5774 40
5775 86
5776 62
5777 40
5778 78
5779 19
5780 19
5781 25
5782 19
5783 18
5784 75
5785 5
5786 5
5787 91
5788 37
5789 33
5790 68
5791 44
5792 15
5793 36
5794 3
5795 1
5796 26
5797 16
5798 16
5799 71
5800 14
5801 99
5802 70
5803 12
5804 76
5805 4
5806 9
5807 8
5808 30
5809 89
5810 4
5811 83
5812 68
5813 12
5814 65
5815 65
5816 48
5817 98
5818 96
5819 98
5820 98
5821 13
5822 86
5823 38
5824 12
5825 70
5826 54
5827 34
5828 10
5829 15
5830 2
5831 46
5832 96
5833 39
5834 91
5835 30
5836 10
5837 88
5838 93
5839 5
5840 51
5841 62
5842 81
5843 32
5844 37
5845 6
5846 81
5847 59
5848 25
5849 25
5850 20
5851 7
5852 45
5853 96
5854 40
5855 57
5856 36
5857 59
5858 32
5859 88
5860 53
5861 6
5862 29
5863 85
5864 51
5865 24
5866 64
5867 25
5868 59
5869 70
5870 65
5871 11
5872 7
5873 83
5874 96
5875 29
5876 7
5877 54
5878 93
5879 31
5880 67
5881 51
5882 39
5883 43
5884 21
5885 20
5886 62
5887 70
5888 93
5889 93
5890 44
5891 15
5892 38
5893 38
5894 13
5895 83
5896 95
5897 1
5898 63
5899 24
5900 3
5901 67
5902 76
5903 85
5904 81
5905 83
5906 79
5907 13
5908 54
5909 65
5910 27
5911 49
5912 82
5913 48
5914 8
5915 95
5916 45
5917 94
5918 57
5919 98
5920 59
5921 93
5922 1
5923 24
5924 62
5925 9
5926 70
5927 64
5928 81
5929 51
5930 27
5931 86
5932 64
5933 33
5934 57
5935 58
5936 57
5937 61
5938 36
5939 4
5940 38
5941 45
5942 61
5943 78
5944 75
5945 3
5946 100
5947 28
5948 52
5949 31
5950 24
5951 53
5952 33
5953 12
5954 3
5955 11
5956 86
5957 76
5958 1
5959 96
5960 53
5961 41
5962 72
5963 73
5964 12
5965 85
5966 33
5967 69
5968 17
5969 31
5970 52
5971 5
5972 40
5973 80
5974 55
5975 26
5976 37
5977 93
5978 94
5979 11
5980 53
5981 92
5982 14
5983 91
5984 16
5985 12
5986 83
5987 30
5988 82
5989 22
5990 60
5991 81
5992 1
5993 81
5994 77
5995 12
5996 24
5997 90
5998 52
5999 44
6000 65
6001 38
6002 52
6003 59
6004 22
6005 8
6006 36
6007 26
6008 7
6009 67
6010 38
6011 84
6012 26
6013 78
6014 50
6015 34
6016 93
6017 14
6018 75
6019 98
6020 13
6021 14
6022 97
6023 7
6024 88
6025 32
6026 44
6027 43
6028 68
6029 38
6030 51
6031 47
6032 96
6033 42
6034 96
6035 81
6036 1
6037 65
6038 13
6039 37
6040 57
6041 88
6042 76
6043 74
6044 81
6045 51
6046 74
6047 11
6048 93
6049 76
6050 15
6051 52
6052 80
6053 4
6054 25
6055 11
6056 61
6057 24
6058 10
6059 33
6060 27
6061 64
6062 92
6063 74
6064 15
6065 93
6066 91
6067 48
6068 37
6069 30
6070 97
6071 85
6072 70
6073 71
6074 76
6075 75
6076 100
6077 31
6078 45
6079 63
6080 20
6081 73
6082 97
6083 4
6084 41
6085 58
6086 33
6087 17
6088 11
6089 93
6090 64
6091 78
6092 34
6093 52
6094 58
6095 50
6096 44
6097 14
6098 91
6099 83
6100 51
6101 79
6102 29
6103 55
6104 35
6105 80
6106 96
6107 72
6108 32
6109 39
6110 14
6111 70
6112 14
6113 78
6114 88
6115 52
6116 83
6117 96
6118 27
6119 29
6120 27
6121 53
6122 98
6123 31
6124 35
6125 9
6126 29
6127 76
6128 98
6129 20
6130 34
6131 92
6132 87
6133 58
6134 3
6135 38
6136 28
6137 51
6138 33
6139 93
6140 76
6141 63
6142 34
6143 99
6144 81
6145 34
6146 23
6147 17
6148 34
6149 23
6150 72
6151 39
6152 31
6153 16
6154 68
6155 21
6156 61
6157 41
6158 59
6159 63
6160 89
6161 22
6162 43
6163 60
6164 32
6165 11
6166 29
6167 61
6168 56
6169 60
6170 29
6171 49
6172 99
6173 63
6174 56
6175 51
6176 63
6177 75
6178 18
6179 57
6180 52
6181 75
6182 43
6183 22
6184 84
6185 44
6186 22
6187 58
6188 45
6189 49
6190 51
6191 62
6192 79
6193 81
6194 8
6195 20
6196 53
6197 70
6198 91
6199 37
6200 15
6201 62
6202 8
6203 71
6204 4
6205 100
6206 64
6207 75
6208 47
6209 66
6210 98
6211 50
6212 53
6213 56
6214 47
6215 16
6216 79
6217 54
6218 95
6219 66
6220 1
6221 20
6222 80
6223 69
6224 75
6225 23
6226 19
6227 81
6228 92
6229 76
6230 16
6231 14
6232 10
6233 4
6234 41
6235 44
6236 96
6237 82
6238 13
6239 57
6240 60
6241 64
6242 22
6243 36
6244 88
6245 7
6246 54
6247 81
6248 62
6249 98
6250 100
6251 20
6252 29
6253 48
6254 29
6255 82
6256 82
6257 2
6258 75
6259 67
6260 59
6261 38
6262 69
6263 63
6264 80
6265 60
6266 23
6267 3
6268 99
6269 41
6270 7
6271 95
6272 29
6273 43
6274 15
6275 72
6276 58
6277 100
6278 47
6279 56
6280 6
6281 53
6282 48
6283 18
6284 43
6285 22
6286 7
6287 22
6288 9
6289 5
6290 72
6291 78
6292 21
6293 30
6294 4
6295 17
6296 56
6297 26
6298 33
6299 8
6300 6
6301 36
6302 74
6303 3
6304 36
6305 4
6306 27
6307 70
6308 59
6309 64
6310 31
6311 73
6312 76
6313 65
6314 76
6315 97
6316 68
6317 82
6318 66
6319 79
6320 65
6321 30
6322 34
6323 71
6324 33
6325 46
6326 91
6327 6
6328 57
6329 52
6330 61
6331 13
6332 10
6333 29
6334 69
6335 28
6336 38
6337 59
6338 64
6339 10
6340 45
6341 67
6342 59
6343 73
6344 99
6345 62
6346 5
6347 45
6348 86
6349 82
6350 91
6351 91
6352 43
6353 87
6354 67
6355 27
6356 61
6357 16
6358 17
6359 13
6360 68
6361 60
6362 33
6363 23
6364 65
6365 51
6366 49
6367 90
6368 66
6369 39
6370 64
6371 93
6372 96
6373 28
6374 24
6375 41
6376 26
6377 44
6378 37
6379 67
6380 12
6381 89
6382 52
6383 70
6384 99
6385 9
6386 31
6387 46
6388 100
6389 80
6390 53
6391 31
6392 20
6393 73
6394 72
6395 42
6396 5
6397 32
6398 31
6399 7
6400 9
6401 22
6402 3
6403 79
6404 33
6405 84
6406 91
6407 51
6408 12
6409 94
6410 6
6411 16
6412 15
6413 6
6414 63
6415 7
6416 50
6417 80
6418 4
6419 69
6420 67
6421 31
6422 88
6423 2
6424 67
6425 29
6426 96
6427 28
6428 54
6429 19
6430 83
6431 77
6432 88
6433 40
6434 70
6435 23
6436 32
6437 79
6438 94
6439 17
6440 77
6441 8
6442 41
6443 10
6444 59
6445 10
6446 44
6447 31
6448 33
6449 5
6450 16
6451 74
6452 87
6453 84
6454 91
6455 17
6456 68
6457 23
6458 88
6459 37
6460 2
6461 91
6462 14
6463 74
6464 69
6465 25
6466 28
6467 25
6468 89
6469 6
6470 86
6471 39
6472 27
6473 10
6474 29
6475 70
6476 92
6477 53
6478 28
6479 77
6480 43
6481 93
6482 47
6483 41
6484 16
6485 68
6486 63
6487 2
6488 66
6489 53
6490 49
6491 60
6492 88
6493 18
6494 96
6495 79
6496 16
6497 66
6498 74
6499 83
6500 87
6501 37
6502 90
6503 88
6504 14
6505 36
6506 26
6507 61
6508 98
6509 56
6510 62
6511 4
6512 8
6513 10
6514 65
6515 5
6516 66
6517 58
6518 65
6519 36
6520 49
6521 35
6522 2
6523 23
6524 53
6525 14
6526 72
6527 16
6528 3
6529 7
6530 39
6531 28
6532 26
6533 7
6534 42
6535 92
6536 83
6537 65
6538 24
6539 97
6540 27
6541 14
6542 16
6543 85
6544 7
6545 89
6546 87
6547 73
6548 1
6549 94
6550 96
6551 98
6552 43
6553 24
6554 49
6555 54
6556 31
6557 73
6558 29
6559 22
6560 15
6561 22
6562 16
6563 73
6564 13
6565 2
6566 89
6567 46
6568 33
6569 1
6570 54
6571 71
6572 32
6573 50
6574 32
6575 13
6576 11
6577 13
6578 26
6579 41
6580 17
6581 53
6582 26
6583 49
6584 54
6585 13
6586 36
6587 51
6588 47
6589 96
6590 24
6591 52
6592 29
6593 9
6594 29
6595 24
6596 98
6597 76
6598 57
6599 51
6600 83
6601 79
6602 58
6603 8
6604 65
6605 28
6606 15
6607 56
6608 86
6609 99
6610 80
6611 88
6612 6
6613 74
6614 50
6615 70
6616 34
6617 26
6618 43
6619 10
6620 94
6621 93
6622 60
6623 76
6624 7
6625 49
6626 78
6627 41
6628 39
6629 65
6630 40
6631 84
6632 50
6633 48
6634 24
6635 69
6636 95
6637 37
6638 60
6639 91
6640 37
6641 33
6642 83
6643 82
6644 94
6645 77
6646 44
6647 59
6648 72
6649 81
6650 37
6651 82
6652 78
6653 36
6654 41
6655 68
6656 26
6657 10
6658 69
6659 78
6660 15
6661 72
6662 62
6663 84
6664 18
6665 92
6666 81
6667 61
6668 65
6669 21
6670 87
6671 76
6672 25
6673 18
6674 94
6675 22
6676 95
6677 34
6678 45
6679 42
6680 84
6681 48
6682 51
6683 53
6684 48
6685 61
6686 32
6687 21
6688 28
6689 98
6690 56
6691 18
6692 79
6693 40
6694 42
6695 56
6696 20
6697 74
6698 10
6699 29
6700 12
6701 94
6702 34
6703 24
6704 4
6705 28
6706 38
6707 49
6708 79
6709 39
6710 21
6711 54
6712 39
6713 94
6714 71
6715 85
6716 99
6717 1
6718 62
6719 61
6720 17
6721 12
6722 2
6723 50
6724 2
6725 1
6726 29
6727 100
6728 78
6729 3
6730 7
6731 92
6732 21
6733 55
6734 50
6735 42
6736 88
6737 21
6738 37
6739 98
6740 67
6741 45
6742 81
6743 94
6744 88
6745 84
6746 80
6747 19
6748 49
6749 31
6750 23
6751 79
6752 66
6753 74
6754 53
6755 33
6756 12
6757 18
6758 55
6759 77
6760 45
6761 26
6762 18
6763 66
6764 16
6765 44
6766 16
6767 54
6768 93
6769 89
6770 69
6771 96
6772 50
6773 6
6774 12
6775 25
6776 69
6777 71
6778 70
6779 94
6780 11
6781 68
6782 75
6783 20
6784 35
6785 94
6786 12
6787 52
6788 62
6789 53
6790 72
6791 49
6792 78
6793 77
6794 94
6795 31
6796 54
6797 60
6798 100
6799 82
6800 27
6801 9
6802 77
6803 23
6804 26
6805 49
6806 83
6807 76
6808 51
6809 57
6810 17
6811 43
6812 41
6813 36
6814 87
6815 39
6816 39
6817 87
6818 45
6819 1
6820 37
6821 63
6822 26
6823 4
6824 42
6825 57
6826 24
6827 11
6828 29
6829 69
6830 20
6831 18
6832 70
6833 11
6834 8
6835 95
6836 76
6837 87
6838 18
6839 41
6840 53
6841 14
6842 93
6843 95
6844 20
6845 25
6846 32
6847 77
6848 30
6849 55
6850 33
6851 44
6852 21
6853 40
6854 26
6855 89
6856 43
6857 47
6858 20
6859 86
6860 75
6861 63
6862 15
6863 19
6864 14
6865 5
6866 80
6867 20
6868 57
6869 47
6870 86
6871 5
6872 72
6873 6
6874 77
6875 89
6876 53
6877 47
6878 34
6879 91
6880 95
6881 57
6882 8
6883 19
6884 1
6885 42
6886 16
6887 83
6888 79
6889 90
6890 7
6891 12
6892 79
6893 65
6894 58
6895 81
6896 44
6897 65
6898 20
6899 30
6900 40
6901 7
6902 67
6903 97
6904 53
6905 57
6906 40
6907 41
6908 91
6909 92
6910 9
6911 17
6912 94
6913 77
6914 19
6915 75
6916 96
6917 54
6918 43
6919 23
6920 32
6921 8
6922 75
6923 41
6924 11
6925 95
6926 58
6927 90
6928 47
6929 75
6930 76
6931 99
6932 18
6933 48
6934 16
6935 93
6936 45
6937 45
6938 51
6939 39
6940 1
6941 58
6942 34
6943 29
6944 98
6945 25
6946 82
6947 20
6948 26
6949 73
6950 64
6951 46
6952 19
6953 98
6954 71
6955 1
6956 82
6957 67
6958 9
6959 83
6960 99
6961 3
6962 76
6963 14
6964 83
6965 48
6966 95
6967 72
6968 66
6969 82
6970 86
6971 19
6972 89
6973 29
6974 51
6975 46
6976 66
6977 92
6978 47
6979 54
6980 4
6981 60
6982 60
6983 19
6984 84
6985 50
6986 62
6987 84
6988 92
6989 59
6990 86
6991 5
6992 42
6993 60
6994 76
6995 64
6996 24
6997 62
6998 80
6999 35
7000 79
7001 29
7002 99
7003 41
7004 17
7005 5
7006 37
7007 83
7008 24
7009 26
7010 35
7011 75
7012 20
7013 35
7014 50
7015 41
7016 84
7017 23
7018 38
7019 30
7020 62
7021 17
7022 94
7023 22
7024 53
7025 95
7026 20
7027 69
7028 38
7029 45
7030 94
7031 10
7032 56
7033 8
7034 80
7035 48
7036 18
7037 5
7038 44
7039 57
7040 43
7041 44
7042 24
7043 70
7044 31
7045 35
7046 5
7047 32
7048 84
7049 11
7050 17
7051 96
7052 88
7053 51
7054 74
7055 93
7056 47
7057 87
7058 24
7059 75
7060 63
7061 21
7062 52
7063 29
7064 2
7065 42
7066 21
7067 83
7068 38
7069 70
7070 99
7071 9
7072 55
7073 29
7074 27
7075 91
7076 45
7077 61
7078 75
7079 14
7080 52
7081 21
7082 6
7083 63
7084 26
7085 53
7086 27
7087 35
7088 84
7089 10
7090 52
7091 81
7092 86
7093 23
7094 53
7095 50
7096 92
7097 81
7098 79
7099 95
7100 56
7101 97
7102 33
7103 8
7104 10
7105 17
7106 2
7107 99
7108 17
7109 70
7110 86
7111 1
7112 56
7113 91
7114 55
7115 33
7116 76
7117 50
7118 23
7119 98
7120 40
7121 21
7122 87
7123 42
7124 29
7125 6
7126 63
7127 34
7128 57
7129 73
7130 45
7131 48
7132 85
7133 66
7134 59
7135 98
7136 9
7137 42
7138 2
7139 73
7140 100
7141 22
7142 76
7143 94
7144 40
7145 91
7146 38
7147 74
7148 9
7149 97
7150 47
7151 86
7152 21
7153 82
7154 25
7155 15
7156 52
7157 41
7158 71
7159 36
7160 8
7161 38
7162 12
7163 1
7164 64
7165 18
7166 11
7167 19
7168 41
7169 16
7170 27
7171 52
7172 38
7173 85
7174 68
7175 51
7176 89
7177 3
7178 45
7179 98
7180 34
7181 9
7182 100
7183 48
7184 55
7185 23
7186 88
7187 33
7188 18
7189 74
7190 95
7191 10
7192 94
7193 72
7194 73
7195 82
7196 20
7197 51
7198 28
7199 30
7200 31
7201 47
7202 18
7203 7
7204 82
7205 54
7206 35
7207 96
7208 13
7209 7
7210 42
7211 24
7212 4
7213 25
7214 51
7215 87
7216 89
7217 97
7218 50
7219 86
7220 90
7221 26
7222 70
7223 67
7224 36
7225 93
7226 52
7227 92
7228 46
7229 59
7230 11
7231 59
7232 61
7233 30
7234 47
7235 20
7236 79
7237 34
7238 81
7239 25
7240 5
7241 72
7242 93
7243 59
7244 3
7245 32
7246 95
7247 90
7248 72
7249 97
7250 65
7251 37
7252 78
7253 91
7254 77
7255 14
7256 67
7257 16
7258 32
7259 86
7260 72
7261 31
7262 60
7263 47
7264 47
7265 33
7266 27
7267 95
7268 75
7269 34
7270 52
7271 83
7272 29
7273 96
7274 98
7275 49
7276 100
7277 76
7278 98
7279 87
7280 51
7281 83
7282 35
7283 81
7284 71
7285 73
7286 90
7287 27
7288 13
7289 24
7290 82
7291 47
7292 18
7293 73
7294 72
7295 72
7296 47
7297 85
7298 62
7299 26
7300 30
7301 71
7302 69
7303 61
7304 86
7305 49
7306 99
7307 13
7308 4
7309 30
7310 61
7311 77
7312 29
7313 87
7314 2
7315 76
7316 76
7317 10
7318 79
7319 16
7320 86
7321 54
7322 4
7323 76
7324 19
7325 27
7326 67
7327 55
7328 6
7329 46
7330 87
7331 30
7332 11
7333 21
7334 77
7335 57
7336 3
7337 89
7338 45
7339 58
7340 14
7341 69
7342 95
7343 77
7344 54
7345 7
7346 8
7347 96
7348 19
7349 31
7350 80
7351 100
7352 59
7353 70
7354 5
7355 70
7356 62
7357 24
7358 42
7359 84
7360 27
7361 77
7362 45
7363 65
7364 82
7365 73
7366 54
7367 1
7368 75
7369 76
7370 90
7371 57
7372 98
7373 18
7374 98
7375 52
7376 76
7377 79
7378 11
7379 2
7380 75
7381 46
7382 28
7383 24
7384 62
7385 74
7386 8
7387 28
7388 25
7389 3
7390 95
7391 32
7392 81
7393 55
7394 63
7395 59
7396 91
7397 24
7398 15
7399 11
7400 65
7401 13
7402 63
7403 19
7404 12
7405 20
7406 44
7407 38
7408 42
7409 2
7410 16
7411 35
7412 55
7413 45
7414 75
7415 36
7416 64
7417 19
7418 74
7419 73
7420 6
7421 3
7422 36
7423 65
7424 98
7425 82
7426 30
7427 2
7428 81
7429 72
7430 64
7431 37
7432 60
7433 40
7434 9
7435 27
7436 81
7437 28
7438 37
7439 94
7440 96
7441 42
7442 32
7443 76
7444 45
7445 32
7446 43
7447 93
7448 36
7449 78
7450 85
7451 53
7452 37
7453 66
7454 96
7455 4
7456 12
7457 99
7458 68
7459 47
7460 47
7461 35
7462 73
7463 53
7464 54
7465 48
7466 80
7467 77
7468 85
7469 98
7470 17
7471 91
7472 77
7473 33
7474 21
7475 1
7476 6
7477 38
7478 21
7479 14
7480 58
7481 57
7482 58
7483 31
7484 98
7485 35
7486 77
7487 28
7488 2
7489 74
7490 17
7491 51
7492 80
7493 94
7494 66
7495 40
7496 85
7497 83
7498 22
7499 66
7500 12
7501 13
7502 3
7503 87
7504 40
7505 4
7506 72
7507 74
7508 4
7509 13
7510 55
7511 85
7512 52
7513 84
7514 34
7515 3
7516 55
7517 63
7518 94
7519 70
7520 64
7521 16
7522 85
7523 18
7524 26
7525 44
7526 78
7527 63
7528 73
7529 84
7530 100
7531 1
7532 15
7533 74
7534 23
7535 29
7536 15
7537 86
7538 25
7539 69
7540 75
7541 86
7542 60
7543 38
7544 4
7545 40
7546 1
7547 96
7548 18
7549 16
7550 1
7551 27
7552 15
7553 98
7554 22
7555 38
7556 80
7557 95
7558 58
7559 17
7560 85
7561 56
7562 60
7563 52
7564 67
7565 46
7566 15
7567 65
7568 4
7569 17
7570 88
7571 8
7572 13
7573 79
7574 100
7575 80
7576 15
7577 21
7578 2
7579 84
7580 23
7581 59
7582 8
7583 9
7584 62
7585 90
7586 4
7587 70
7588 8
7589 13
7590 20
7591 35
7592 77
7593 82
7594 6
7595 27
7596 60
7597 38
7598 77
7599 21
7600 27
7601 29
7602 61
7603 61
7604 24
7605 7
7606 60
7607 72
7608 56
7609 61
7610 51
7611 53
7612 44
7613 28
7614 69
7615 68
7616 74
7617 33
7618 12
7619 11
7620 36
7621 49
7622 88
7623 35
7624 71
7625 25
7626 1
7627 94
7628 32
7629 41
7630 48
7631 99
7632 98
7633 33
7634 19
7635 66
7636 28
7637 22
7638 25
7639 41
7640 61
7641 12
7642 26
7643 83
7644 30
7645 72
7646 88
7647 86
7648 58
7649 8
7650 94
7651 53
7652 48
7653 18
7654 69
7655 70
7656 92
7657 85
7658 11
7659 42
7660 39
7661 6
7662 32
7663 87
7664 80
7665 50
7666 31
7667 5
7668 52
7669 58
7670 51
7671 23
7672 43
7673 99
7674 21
7675 55
7676 5
7677 78
7678 25
7679 57
7680 64
7681 21
7682 76
7683 4
7684 78
7685 14
7686 45
7687 26
7688 62
7689 93
7690 18
7691 18
7692 9
7693 71
7694 37
7695 42
7696 50
7697 95
7698 98
7699 1
7700 78
7701 8
7702 88
7703 56
7704 15
7705 48
7706 99
7707 5
7708 45
7709 65
7710 84
7711 65
7712 9
7713 13
7714 23
7715 53
7716 84
7717 84
7718 50
7719 72
7720 81
7721 77
7722 46
7723 40
7724 44
7725 91
7726 18
7727 92
7728 50
7729 3
7730 58
7731 20
7732 8
7733 82
7734 34
7735 33
7736 21
7737 39
7738 52
7739 55
7740 39
7741 84
7742 52
7743 59
7744 22
7745 28
7746 92
7747 92
7748 24
7749 3
7750 84
7751 9
7752 18
7753 63
7754 10
7755 8
7756 72
7757 17
7758 45
7759 93
7760 64
7761 25
7762 100
7763 94
7764 1
7765 89
7766 32
7767 38
7768 88
7769 45
7770 68
7771 19
7772 17
7773 75
7774 38
7775 92
7776 57
7777 86
7778 68
7779 54
7780 81
7781 12
7782 15
7783 28
7784 92
7785 26
7786 61
7787 19
7788 49
7789 72
7790 60
7791 91
7792 74
7793 43
7794 30
7795 72
7796 69
7797 2
7798 89
7799 57
7800 48
7801 98
7802 19
7803 8
7804 100
7805 65
7806 10
7807 86
7808 9
7809 80
7810 23
7811 50
7812 43
7813 4
7814 25
7815 48
7816 24
7817 72
7818 51
7819 79
7820 41
7821 4
7822 22
7823 35
7824 72
7825 88
7826 80
7827 31
7828 51
7829 94
7830 34
7831 68
7832 2
7833 56
7834 5
7835 56
7836 71
7837 76
7838 91
7839 61
7840 100
7841 99
7842 96
7843 88
7844 61
7845 16
7846 96
7847 15
7848 33
7849 71
7850 74
7851 34
7852 88
7853 23
7854 35
7855 74
7856 8
7857 63
7858 64
7859 62
7860 44
7861 55
7862 9
7863 93
7864 100
7865 96
7866 48
7867 97
7868 23
7869 2
7870 39
7871 77
7872 54
7873 92
7874 88
7875 76
7876 100
7877 42
7878 15
7879 31
7880 9
7881 58
7882 1
7883 71
7884 75
7885 93
7886 68
7887 57
7888 18
7889 26
7890 92
7891 52
7892 97
7893 93
7894 1
7895 81
7896 3
7897 84
7898 90
7899 72
7900 34
7901 38
7902 11
7903 51
7904 18
7905 58
7906 87
7907 37
7908 47
7909 9
7910 41
7911 76
7912 9
7913 72
7914 100
7915 61
7916 31
7917 22
7918 35
7919 70
7920 8
7921 83
7922 41
7923 37
7924 79
7925 93
7926 19
7927 49
7928 50
7929 62
7930 10
7931 30
7932 66
7933 88
7934 59
7935 29
7936 2
7937 84
7938 100
7939 56
7940 63
7941 85
7942 5
7943 41
7944 15
7945 57
7946 39
7947 1
7948 35
7949 3
7950 18
7951 38
7952 69
7953 91
7954 34
7955 66
7956 96
7957 91
7958 2
7959 10
7960 60
7961 73
7962 41
7963 57
7964 15
7965 17
7966 42
7967 46
7968 97
7969 79
7970 72
7971 38
7972 30
7973 100
7974 38
7975 96
7976 78
7977 72
7978 59
7979 51
7980 36
7981 90
7982 74
7983 95
7984 59
7985 19
7986 92
7987 80
7988 51
7989 1
7990 41
7991 68
7992 74
7993 8
7994 20
7995 76
7996 22
7997 36
7998 65
7999 16
8000 95
8001 33
8002 85
8003 56
8004 29
8005 83
8006 62
8007 63
8008 70
8009 46
8010 33
8011 69
8012 92
8013 23
8014 86
8015 18
8016 65
8017 21
8018 41
8019 52
8020 28
8021 78
8022 3
8023 55
8024 23
8025 100
8026 64
8027 19
8028 14
8029 88
8030 39
8031 1
8032 8
8033 81
8034 88
8035 61
8036 87
8037 18
8038 31
8039 41
8040 72
8041 2
8042 50
8043 82
8044 33
8045 14
8046 54
8047 19
8048 7
8049 7
8050 68
8051 72
8052 61
8053 66
8054 56
8055 40
8056 97
8057 38
8058 90
8059 67
8060 35
8061 88
8062 13
8063 86
8064 8
8065 86
8066 31
8067 89
8068 33
8069 99
8070 39
8071 30
8072 88
8073 11
8074 50
8075 70
8076 58
8077 49
8078 42
8079 41
8080 100
8081 8
8082 36
8083 88
8084 15
8085 20
8086 98
8087 4
8088 29
8089 49
8090 91
8091 4
8092 12
8093 54
8094 1
8095 20
8096 62
8097 83
8098 61
8099 25
8100 40
8101 66
8102 44
8103 33
8104 4
8105 5
8106 25
8107 12
8108 9
8109 36
8110 62
8111 62
8112 17
8113 59
8114 94
8115 19
8116 68
8117 56
8118 24
8119 18
8120 42
8121 48
8122 28
8123 63
8124 30
8125 83
8126 67
8127 77
8128 93
8129 17
8130 50
8131 35
8132 47
8133 15
8134 51
8135 72
8136 77
8137 1
8138 97
8139 75
8140 65
8141 47
8142 85
8143 77
8144 27
8145 78
8146 31
8147 71
8148 40
8149 14
8150 38
8151 61
8152 14
8153 78
8154 14
8155 81
8156 1
8157 2
8158 41
8159 77
8160 98
8161 35
8162 60
8163 58
8164 57
8165 89
8166 44
8167 76
8168 8
8169 49
8170 49
8171 31
8172 39
8173 44
8174 95
8175 21
8176 40
8177 33
8178 57
8179 34
8180 73
8181 78
8182 26
8183 89
8184 76
8185 33
8186 34
8187 84
8188 55
8189 5
8190 66
8191 68
8192 13
8193 95
8194 26
8195 12
8196 95
8197 54
8198 54
8199 35
8200 34
8201 92
8202 76
8203 61
8204 15
8205 25
8206 81
8207 40
8208 66
8209 59
8210 72
8211 19
8212 90
8213 93
8214 3
8215 49
8216 59
8217 73
8218 81
8219 55
8220 53
8221 34
8222 31
8223 76
8224 60
8225 13
8226 77
8227 5
8228 4
8229 42
8230 55
8231 5
8232 1
8233 23
8234 54
8235 30
8236 40
8237 78
8238 90
8239 54
8240 52
8241 89
8242 1
8243 70
8244 11
8245 74
8246 53
8247 70
8248 86
8249 93
8250 26
8251 30
8252 26
8253 12
8254 34
8255 12
8256 51
8257 32
8258 85
8259 94
8260 47
8261 59
8262 66
8263 27
8264 28
8265 55
8266 51
8267 31
8268 39
8269 100
8270 3
8271 71
8272 86
8273 10
8274 84
8275 4
8276 25
8277 89
8278 82
8279 64
8280 45
8281 66
8282 88
8283 15
8284 80
8285 37
8286 93
8287 74
8288 69
8289 56
8290 45
8291 21
8292 48
8293 77
8294 30
8295 67
8296 44
8297 100
8298 1
8299 76
8300 11
8301 51
8302 85
8303 79
8304 22
8305 33
8306 89
8307 91
8308 58
8309 67
8310 53
8311 90
8312 23
8313 32
8314 36
8315 81
8316 35
8317 69
8318 66
8319 98
8320 32
8321 45
8322 96
8323 48
8324 35
8325 5
8326 96
8327 67
8328 36
8329 54
8330 86
8331 62
8332 84
8333 91
8334 73
8335 43
8336 46
8337 74
8338 62
8339 52
8340 60
8341 22
8342 9
8343 37
8344 95
8345 39
8346 47
8347 91
8348 19
8349 40
8350 66
8351 83
8352 80
8353 52
8354 65
8355 64
8356 14
8357 44
8358 56
8359 21
8360 35
8361 18
8362 93
8363 70
8364 49
8365 80
8366 78
8367 7
8368 82
8369 86
8370 83
8371 80
8372 96
8373 77
8374 33
8375 6
8376 26
8377 79
8378 15
8379 10
8380 28
8381 43
8382 27
8383 40
8384 94
8385 76
8386 59
8387 19
8388 82
8389 76
8390 61
8391 57
8392 18
8393 51
8394 55
8395 49
8396 93
8397 25
8398 36
8399 9
8400 8
8401 62
8402 12
8403 12
8404 7
8405 55
8406 54
8407 83
8408 55
8409 91
8410 72
8411 82
8412 81
8413 78
8414 14
8415 89
8416 67
8417 12
8418 85
8419 99
8420 42
8421 26
8422 25
8423 52
8424 87
8425 43
8426 97
8427 79
8428 29
8429 74
8430 71
8431 22
8432 66
8433 8
8434 48
8435 51
8436 90
8437 63
8438 89
8439 82
8440 95
8441 32
8442 93
8443 95
8444 16
8445 91
8446 15
8447 25
8448 47
8449 88
8450 44
8451 94
8452 11
8453 16
8454 68
8455 94
8456 2
8457 99
8458 16
8459 93
8460 6
8461 48
8462 73
8463 77
8464 61
8465 89
8466 82
8467 26
8468 75
8469 92
8470 90
8471 68
8472 36
8473 22
8474 68
8475 77
8476 97
8477 31
8478 17
8479 10
8480 37
8481 99
8482 87
8483 17
8484 63
8485 67
8486 83
8487 94
8488 12
8489 97
8490 29
8491 81
8492 27
8493 47
8494 43
8495 42
8496 57
8497 83
8498 40
8499 93
8500 9
8501 27
8502 9
8503 6
8504 66
8505 67
8506 33
8507 60
8508 59
8509 4
8510 97
8511 53
8512 81
8513 87
8514 49
8515 94
8516 65
8517 39
8518 80
8519 56
8520 9
8521 1
8522 79
8523 54
8524 7
8525 12
8526 12
8527 41
8528 13
8529 63
8530 97
8531 92
8532 93
8533 87
8534 91
8535 87
8536 70
8537 57
8538 52
8539 63
8540 39
8541 86
8542 58
8543 27
8544 33
8545 50
8546 46
8547 55
8548 40
8549 62
8550 88
8551 88
8552 16
8553 5
8554 49
8555 46
8556 70
8557 39
8558 78
8559 43
8560 66
8561 27
8562 15
8563 67
8564 61
8565 74
8566 9
8567 27
8568 3
8569 80
8570 73
8571 79
8572 11
8573 58
8574 1
8575 85
8576 17
8577 36
8578 42
8579 45
8580 5
8581 60
8582 48
8583 6
8584 5
8585 11
8586 83
8587 89
8588 81
8589 10
8590 64
8591 36
8592 71
8593 44
8594 57
8595 74
8596 27
8597 70
8598 35
8599 98
8600 61
8601 22
8602 21
8603 14
8604 12
8605 20
8606 19
8607 28
8608 99
8609 37
8610 47
8611 92
8612 66
8613 38
8614 58
8615 83
8616 42
8617 97
8618 65
8619 61
8620 24
8621 82
8622 40
8623 3
8624 6
8625 21
8626 43
8627 18
8628 84
8629 71
8630 47
8631 63
8632 19
8633 33
8634 26
8635 53
8636 24
8637 58
8638 16
8639 68
8640 67
8641 80
8642 3
8643 15
8644 4
8645 60
8646 15
8647 68
8648 11
8649 33
8650 90
8651 15
8652 44
8653 74
8654 88
8655 87
8656 54
8657 70
8658 83
8659 38
8660 37
8661 3
8662 7
8663 73
8664 25
8665 3
8666 4
8667 93
8668 64
8669 25
8670 44
8671 18
8672 99
8673 97
8674 16
8675 100
8676 99
8677 60
8678 87
8679 88
8680 5
8681 4
8682 26
8683 74
8684 1
8685 2
8686 74
8687 84
8688 88
8689 15
8690 34
8691 59
8692 55
8693 74
8694 95
8695 16
8696 54
8697 29
8698 53
8699 85
8700 59
8701 20
8702 74
8703 47
8704 69
8705 89
8706 54
8707 72
8708 81
8709 39
8710 62
8711 77
8712 14
8713 48
8714 87
8715 81
8716 72
8717 86
8718 17
8719 40
8720 24
8721 36
8722 75
8723 99
8724 4
8725 34
8726 60
8727 67
8728 20
8729 21
8730 14
8731 10
8732 1
8733 86
8734 84
8735 48
8736 85
8737 2
8738 58
8739 74
8740 44
8741 2
8742 55
8743 41
8744 67
8745 78
8746 34
8747 97
8748 85
8749 8
8750 51
8751 91
8752 29
8753 37
8754 60
8755 65
8756 58
8757 76
8758 78
8759 75
8760 55
8761 95
8762 90
8763 49
8764 55
8765 15
8766 18
8767 46
8768 5
8769 8
8770 25
8771 54
8772 13
8773 1
8774 54
8775 77
8776 76
8777 92
8778 75
8779 43
8780 3
8781 75
8782 2
8783 34
8784 97
8785 82
8786 46
8787 36
8788 84
8789 98
8790 45
8791 95
8792 55
8793 73
8794 36
8795 34
8796 21
8797 9
8798 17
8799 83
8800 100
8801 49
8802 76
8803 44
8804 16
8805 98
8806 51
8807 27
8808 53
8809 31
8810 6
8811 10
8812 87
8813 76
8814 49
8815 53
8816 72
8817 70
8818 88
8819 61
8820 99
8821 74
8822 40
8823 97
8824 86
8825 34
8826 24
8827 18
8828 17
8829 16
8830 67
8831 62
8832 15
8833 72
8834 42
8835 80
8836 79
8837 42
8838 88
8839 1
8840 79
8841 84
8842 88
8843 45
8844 50
8845 8
8846 100
8847 90
8848 2
8849 14
8850 9
8851 14
8852 2
8853 34
8854 87
8855 25
8856 57
8857 41
8858 83
8859 12
8860 14
8861 52
8862 58
8863 36
8864 44
8865 5
8866 9
8867 42
8868 32
8869 89
8870 89
8871 61
8872 36
8873 32
8874 80
8875 79
8876 37
8877 1
8878 25
8879 33
8880 88
8881 27
8882 33
8883 92
8884 95
8885 84
8886 48
8887 68
8888 74
8889 10
8890 72
8891 21
8892 47
8893 73
8894 35
8895 10
8896 65
8897 32
8898 38
8899 9
8900 64
8901 98
8902 29
8903 19
8904 88
8905 52
8906 7
8907 16
8908 86
8909 27
8910 19
8911 65
8912 94
8913 18
8914 14
8915 72
8916 40
8917 26
8918 97
8919 88
8920 50
8921 35
8922 98
8923 47
8924 48
8925 32
8926 41
8927 18
8928 47
8929 37
8930 73
8931 45
8932 21
8933 75
8934 93
8935 19
8936 47
8937 50
8938 82
8939 15
8940 12
8941 34
8942 62
8943 51
8944 95
8945 86
8946 26
8947 62
8948 52
8949 47
8950 89
8951 16
8952 42
8953 45
8954 52
8955 19
8956 77
8957 91
8958 27
8959 83
8960 42
8961 77
8962 73
8963 98
8964 46
8965 53
8966 87
8967 21
8968 22
8969 3
8970 57
8971 27
8972 48
8973 72
8974 74
8975 19
8976 15
8977 61
8978 27
8979 89
8980 58
8981 85
8982 58
8983 3
8984 51
8985 16
8986 97
8987 2
8988 98
8989 33
8990 1
8991 71
8992 56
8993 45
8994 19
8995 72
8996 53
8997 66
8998 20
8999 55
9000 43
9001 40
9002 15
9003 47
9004 39
9005 26
9006 82
9007 72
9008 19
9009 48
9010 77
9011 5
9012 18
9013 20
9014 51
9015 61
9016 21
9017 92
9018 76
9019 82
9020 30
9021 11
9022 52
9023 41
9024 56
9025 94
9026 35
9027 15
9028 12
9029 90
9030 4
9031 54
9032 2
9033 36
9034 44
9035 92
9036 5
9037 96
9038 54
9039 41
9040 57
9041 40
9042 90
9043 73
9044 76
9045 23
9046 12
9047 8
9048 68
9049 21
9050 59
9051 33
9052 21
9053 57
9054 27
9055 43
9056 87
9057 47
9058 73
9059 79
9060 71
9061 79
9062 26
9063 72
9064 53
9065 87
9066 19
9067 99
9068 100
9069 89
9070 18
9071 59
9072 26
9073 46
9074 2
9075 16
9076 80
9077 71
9078 5
9079 35
9080 50
9081 14
9082 93
9083 85
9084 67
9085 86
9086 40
9087 19
9088 48
9089 1
9090 72
9091 62
9092 73
9093 91
9094 81
9095 33
9096 59
9097 2
9098 15
9099 33
9100 83
9101 74
9102 88
9103 84
9104 69
9105 16
9106 58
9107 58
9108 11
9109 25
9110 95
9111 62
9112 93
9113 62
9114 95
9115 48
9116 40
9117 25
9118 85
9119 13
9120 70
9121 70
9122 25
9123 35
9124 85
9125 98
9126 4
9127 63
9128 1
9129 69
9130 39
9131 88
9132 18
9133 53
9134 47
9135 95
9136 60
9137 63
9138 17
9139 61
9140 4
9141 17
9142 4
9143 97
9144 3
9145 73
9146 47
9147 30
9148 37
9149 73
9150 42
9151 83
9152 95
9153 37
9154 13
9155 90
9156 90
9157 1
9158 25
9159 67
9160 55
9161 41
9162 90
9163 58
9164 9
9165 92
9166 54
9167 72
9168 24
9169 46
9170 36
9171 11
9172 69
9173 61
9174 23
9175 43
9176 1
9177 27
9178 29
9179 53
9180 91
9181 88
9182 73
9183 42
9184 73
9185 48
9186 99
9187 7
9188 69
9189 16
9190 15
9191 77
9192 16
9193 74
9194 70
9195 19
9196 8
9197 69
9198 94
9199 11
9200 39
9201 60
9202 88
9203 68
9204 16
9205 53
9206 90
9207 6
9208 68
9209 4
9210 90
9211 99
9212 56
9213 49
9214 40
9215 94
9216 94
9217 59
9218 9
9219 83
9220 96
9221 41
9222 89
9223 16
9224 10
9225 77
9226 37
9227 74
9228 7
9229 27
9230 30
9231 94
9232 76
9233 24
9234 59
9235 39
9236 79
9237 47
9238 66
9239 100
9240 1
9241 76
9242 24
9243 26
9244 66
9245 97
9246 23
9247 49
9248 89
9249 36
9250 97
9251 20
9252 4
9253 57
9254 58
9255 68
9256 99
9257 61
9258 72
9259 37
9260 54
9261 24
9262 19
9263 21
9264 100
9265 66
9266 28
9267 14
9268 38
9269 79
9270 16
9271 65
9272 65
9273 4
9274 52
9275 24
9276 34
9277 30
9278 40
9279 65
9280 10
9281 14
9282 78
9283 19
9284 56
9285 49
9286 56
9287 83
9288 32
9289 73
9290 87
9291 60
9292 99
9293 75
9294 64
9295 98
9296 42
9297 64
9298 23
9299 15
9300 26
9301 43
9302 83
9303 50
9304 98
9305 71
9306 90
9307 12
9308 73
9309 64
9310 30
9311 11
9312 46
9313 56
9314 64
9315 54
9316 46
9317 70
9318 79
9319 60
9320 44
9321 88
9322 36
9323 100
9324 34
9325 56
9326 67
9327 62
9328 2
9329 32
9330 95
9331 82
9332 97
9333 99
9334 14
9335 91
9336 5
9337 38
9338 82
9339 32
9340 59
9341 54
9342 16
9343 22
9344 22
9345 67
9346 25
9347 10
9348 22
9349 21
9350 56
9351 84
9352 45
9353 23
9354 87
9355 26
9356 44
9357 94
9358 80
9359 14
9360 35
9361 56
9362 34
9363 1
9364 37
9365 69
9366 28
9367 58
9368 48
9369 8
9370 66
9371 64
9372 11
9373 9
9374 6
9375 20
9376 26
9377 40
9378 63
9379 92
9380 72
9381 47
9382 46
9383 93
9384 43
9385 32
9386 84
9387 19
9388 31
9389 65
9390 93
9391 95
9392 74
9393 49
9394 96
9395 56
9396 7
9397 90
9398 92
9399 33
9400 6
9401 63
9402 49
9403 33
9404 32
9405 88
9406 42
9407 22
9408 38
9409 31
9410 78
9411 7
9412 9
9413 19
9414 22
9415 10
9416 96
9417 57
9418 61
9419 68
9420 59
9421 74
9422 32
9423 54
9424 99
9425 79
9426 79
9427 34
9428 60
9429 69
9430 38
9431 2
9432 19
9433 6
9434 72
9435 74
9436 23
9437 91
9438 44
9439 59
9440 42
9441 62
9442 58
9443 44
9444 45
9445 2
9446 56
9447 83
9448 36
9449 73
9450 11
9451 80
9452 47
9453 65
9454 21
9455 34
9456 60
9457 75
9458 1
9459 77
9460 52
9461 45
9462 77
9463 40
9464 75
9465 51
9466 50
9467 74
9468 39
9469 25
9470 63
9471 39
9472 22
9473 45
9474 71
9475 9
9476 4
9477 14
9478 79
9479 34
9480 54
9481 2
9482 58
9483 43
9484 60
9485 49
9486 68
9487 99
9488 77
9489 86
9490 11
9491 81
9492 54
9493 73
9494 60
9495 39
9496 59
9497 71
9498 2
9499 34
9500 72
9501 82
9502 13
9503 17
9504 34
9505 60
9506 41
9507 95
9508 80
9509 67
9510 31
9511 28
9512 37
9513 46
9514 27
9515 20
9516 4
9517 56
9518 22
9519 89
9520 92
9521 100
9522 20
9523 43
9524 10
9525 100
9526 54
9527 39
9528 33
9529 53
9530 86
9531 60
9532 42
9533 59
9534 57
9535 17
9536 4
9537 93
9538 42
9539 54
9540 91
9541 39
9542 7
9543 100
9544 92
9545 4
9546 28
9547 86
9548 69
9549 1
9550 62
9551 94
9552 51
9553 94
9554 6
9555 70
9556 30
9557 34
9558 93
9559 10
9560 54
9561 5
9562 49
9563 13
9564 83
9565 28
9566 27
9567 65
9568 56
9569 11
9570 89
9571 69
9572 95
9573 19
9574 83
9575 19
9576 81
9577 67
9578 68
9579 27
9580 39
9581 36
9582 33
9583 51
9584 54
9585 88
9586 82
9587 52
9588 16
9589 55
9590 58
9591 83
9592 38
9593 42
9594 92
9595 89
9596 48
9597 54
9598 51
9599 33
9600 56
9601 15
9602 34
9603 43
9604 6
9605 42
9606 43
9607 29
9608 85
9609 89
9610 41
9611 30
9612 44
9613 79
9614 92
9615 98
9616 43
9617 33
9618 53
9619 53
9620 12
9621 45
9622 1
9623 23
9624 88
9625 38
9626 64
9627 62
9628 47
9629 40
9630 8
9631 73
9632 62
9633 49
9634 41
9635 30
9636 29
9637 69
9638 33
9639 100
9640 42
9641 18
9642 60
9643 64
9644 56
9645 54
9646 50
9647 9
9648 51
9649 75
9650 53
9651 55
9652 73
9653 3
9654 76
9655 53
9656 25
9657 24
9658 92
9659 29
9660 74
9661 60
9662 81
9663 58
9664 65
9665 27
9666 18
9667 99
9668 80
9669 54
9670 33
9671 1
9672 68
9673 7
9674 3
9675 2
9676 51
9677 81
9678 16
9679 8
9680 25
9681 38
9682 22
9683 34
9684 8
9685 69
9686 87
9687 72
9688 55
9689 99
9690 63
9691 52
9692 49
9693 25
9694 62
9695 61
9696 90
9697 45
9698 84
9699 35
9700 13
9701 53
9702 37
9703 45
9704 71
9705 48
9706 58
9707 30
9708 70
9709 7
9710 12
9711 69
9712 89
9713 66
9714 5
9715 14
9716 74
9717 56
9718 97
9719 100
9720 94
9721 95
9722 67
9723 78
9724 30
9725 99
9726 48
9727 20
9728 58
9729 52
9730 9
9731 1
9732 69
9733 11
9734 69
9735 94
9736 84
9737 32
9738 49
9739 21
9740 22
9741 41
9742 43
9743 72
9744 20
9745 17
9746 29
9747 32
9748 18
9749 85
9750 13
9751 83
9752 35
9753 65
9754 75
9755 64
9756 31
9757 9
9758 97
9759 1
9760 75
9761 14
9762 58
9763 36
9764 79
9765 31
9766 24
9767 35
9768 15
9769 19
9770 32
9771 100
9772 55
9773 47
9774 56
9775 96
9776 34
9777 75
9778 54
9779 36
9780 66
9781 74
9782 23
9783 15
9784 74
9785 97
9786 70
9787 61
9788 90
9789 84
9790 53
9791 5
9792 30
9793 14
9794 7
9795 5
9796 49
9797 69
9798 46
9799 99
9800 93
9801 9
9802 25
9803 56
9804 48
9805 22
9806 68
9807 93
9808 51
9809 46
9810 57
9811 29
9812 57
9813 33
9814 62
9815 53
9816 36
9817 93
9818 61
9819 75
9820 50
9821 58
9822 2
9823 56
9824 30
9825 95
9826 77
9827 41
9828 46
9829 58
9830 1
9831 11
9832 69
9833 81
9834 32
9835 19
9836 73
9837 59
9838 76
9839 90
9840 99
9841 18
9842 32
9843 24
9844 87
9845 53
9846 99
9847 1
9848 89
9849 26
9850 43
9851 20
9852 44
9853 6
9854 55
9855 14
9856 85
9857 91
9858 17
9859 13
9860 35
9861 86
9862 78
9863 26
9864 7
9865 70
9866 57
9867 60
9868 100
9869 87
9870 67
9871 92
9872 94
9873 83
9874 5
9875 95
9876 49
9877 61
9878 20
9879 60
9880 33
9881 37
9882 50
9883 63
9884 21
9885 45
9886 38
9887 87
9888 95
9889 65
9890 45
9891 90
9892 51
9893 100
9894 12
9895 41
9896 71
9897 66
9898 35
9899 65
9900 22
9901 70
9902 69
9903 56
9904 67
9905 12
9906 67
9907 32
9908 53
9909 12
9910 67
9911 24
9912 75
9913 20
9914 41
9915 9
9916 67
9917 59
9918 16
9919 54
9920 29
9921 90
9922 5
9923 66
9924 3
9925 56
9926 18
9927 37
9928 61
9929 12
9930 5
9931 12
9932 44
9933 70
9934 88
9935 49
9936 99
9937 90
9938 8
9939 13
9940 20
9941 58
9942 3
9943 60
9944 31
9945 33
9946 24
9947 79
9948 35
9949 18
9950 16
9951 56
9952 96
9953 72
9954 36
9955 1
9956 9
9957 66
9958 51
9959 53
9960 11
9961 54
9962 82
9963 47
9964 19
9965 5
9966 16
9967 17
9968 18
9969 25
9970 5
9971 30
9972 44
9973 92
9974 77
9975 11
9976 12
9977 82
9978 54
9979 93
9980 63
9981 38
9982 12
9983 2
9984 50
9985 44
9986 38
9987 33
9988 67
9989 36
9990 60
9991 5
9992 7
9993 35
9994 74
9995 37
9996 39
9997 28
9998 1
9999 3